,0,1
0,0.021119416,0.9788806
1,0.05424112,0.9457589
2,0.6525721,0.3474279
3,0.94233966,0.057660334
4,0.12581724,0.87418276
5,0.9718052,0.02819476
6,0.97949475,0.02050525
7,0.7196969,0.2803031
8,0.9393305,0.0606695
9,0.8953413,0.10465873
10,0.13122445,0.86877555
11,0.19339794,0.80660206
12,0.94228464,0.05771538
13,0.012582064,0.98741794
14,0.9964324,0.0035675566
15,0.9456343,0.05436571
16,0.7662919,0.2337081
17,0.8552452,0.14475484
18,0.94678605,0.053213976
19,0.99530035,0.004699639
20,0.39621443,0.6037856
21,0.45901215,0.54098785
22,0.08191419,0.9180858
23,0.38557935,0.61442065
24,0.8146321,0.1853679
25,0.94478726,0.055212718
26,0.23830044,0.76169956
27,0.14551789,0.8544821
28,0.96178687,0.038213134
29,0.0010082126,0.9989918
30,0.7691566,0.23084344
31,0.74676985,0.25323015
32,0.6494353,0.3505647
33,0.028568506,0.9714315
34,0.9416655,0.058334522
35,0.943289,0.056710992
36,0.98931193,0.010688089
37,0.9474551,0.0525449
38,0.9639018,0.036098167
39,0.071362734,0.92863727
40,0.028217077,0.9717829
41,0.9990179,0.0009821164
42,0.9736079,0.026392112
43,0.9332954,0.06670455
44,0.9741054,0.02589459
45,0.0022208095,0.9977792
46,0.41092575,0.58907425
47,0.22995591,0.7700441
48,0.9358996,0.06410038
49,0.016054213,0.9839458
50,0.77314866,0.22685137
51,0.9957862,0.004213785
52,0.90665984,0.093340136
53,0.046280563,0.95371944
54,0.5074501,0.49254987
55,0.7028326,0.2971674
56,0.39474934,0.60525066
57,0.5691669,0.4308331
58,0.70350176,0.29649824
59,0.00219661,0.9978034
60,0.107973516,0.8920265
61,0.6002065,0.3997935
62,0.95018333,0.049816653
63,0.014786184,0.9852138
64,0.9404278,0.059572212
65,0.48535925,0.51464075
66,0.09388667,0.9061133
67,0.0051077604,0.99489224
68,0.5374497,0.46255025
69,0.06409055,0.93590945
70,0.89097345,0.109026544
71,0.033527076,0.9664729
72,0.00066131353,0.9993387
73,0.20375508,0.7962449
74,0.103731096,0.8962689
75,0.99516034,0.0048396788
76,0.8650502,0.1349498
77,0.60601,0.39398998
78,0.0126591325,0.98734087
79,0.7813165,0.2186835
80,0.87601864,0.12398138
81,0.5754304,0.42456964
82,0.7301533,0.26984668
83,0.023602605,0.9763974
84,0.8954378,0.10456223
85,0.13077587,0.86922413
86,0.42805284,0.57194716
87,0.9842809,0.015719121
88,0.9851415,0.014858477
89,0.27416593,0.7258341
90,0.34861773,0.65138227
91,0.0137069225,0.9862931
92,0.012222707,0.9877773
93,0.9366882,0.0633118
94,0.39329606,0.60670394
95,0.99842817,0.001571829
96,0.39440948,0.6055905
97,0.0031523108,0.9968477
98,0.621934,0.378066
99,0.9874055,0.012594504
100,0.17286158,0.8271384
101,0.0010541081,0.9989459
102,0.9251263,0.07487367
103,0.092190325,0.9078097
104,0.9406334,0.059366573
105,0.9873257,0.012674279
106,0.7712781,0.2287219
107,0.98466235,0.015337649
108,0.8799762,0.12002381
109,0.09753567,0.90246433
110,0.100800216,0.8991998
111,0.8879801,0.112019904
112,0.40773118,0.5922688
113,0.028148055,0.97185194
114,0.44230556,0.55769444
115,0.014374673,0.9856253
116,0.0019789934,0.998021
117,0.059628308,0.9403717
118,0.98007727,0.019922713
119,0.5744189,0.42558107
120,0.0032128096,0.9967872
121,0.017065108,0.9829349
122,0.24985242,0.7501476
123,0.555546,0.444454
124,0.97815233,0.021847675
125,0.022814512,0.9771855
126,0.45931262,0.5406874
127,0.954811,0.045188993
128,0.016032517,0.9839675
129,0.95312345,0.04687653
130,0.8301764,0.16982359
131,0.46723694,0.53276306
132,0.9764309,0.023569137
133,0.15034306,0.84965694
134,0.0797956,0.9202044
135,0.039239347,0.96076065
136,0.37959582,0.6204042
137,0.95477945,0.045220535
138,0.60748327,0.3925167
139,0.9874804,0.012519582
140,0.3137077,0.6862923
141,0.0003426075,0.9996574
142,0.9181839,0.0818161
143,0.57885003,0.42114997
144,0.0031553507,0.99684465
145,0.40651727,0.59348273
146,0.71978474,0.28021523
147,0.93719536,0.06280463
148,0.035727262,0.96427274
149,0.815791,0.18420897
150,0.3447228,0.6552772
151,0.06731522,0.9326848
152,0.9960946,0.0039054353
153,0.47254968,0.5274503
154,0.019606113,0.9803939
155,0.918367,0.08163295
156,0.9664087,0.033591285
157,0.12634641,0.8736536
158,0.36194885,0.63805115
159,0.24789941,0.7521006
160,0.62226087,0.37773913
161,0.40991634,0.59008366
162,0.25380778,0.7461922
163,0.06436694,0.93563306
164,0.91251624,0.087483756
165,0.07776928,0.9222307
166,0.9964611,0.0035389033
167,0.46961045,0.53038955
168,0.9802714,0.019728601
169,0.94769263,0.05230738
170,0.06344205,0.93655795
171,0.985819,0.014180996
172,0.034623325,0.9653767
173,0.93170846,0.06829152
174,0.024429798,0.9755702
175,0.0131569505,0.98684305
176,0.9746291,0.025370881
177,0.9987126,0.0012873851
178,0.99530387,0.004696134
179,0.86323655,0.13676344
180,0.9825818,0.017418198
181,0.6987775,0.3012225
182,0.31428868,0.6857113
183,0.1520825,0.8479175
184,0.95145625,0.04854375
185,0.10145342,0.8985466
186,0.771682,0.228318
187,0.24250811,0.7574919
188,0.0016906261,0.9983094
189,0.88811404,0.11188594
190,0.9568624,0.0431376
191,0.10265666,0.89734334
192,0.90018344,0.099816576
193,0.6540458,0.34595415
194,0.03080213,0.96919787
195,0.7459779,0.25402212
196,0.96386963,0.03613035
197,0.4370749,0.5629251
198,0.07417846,0.92582154
199,0.49269283,0.5073072
200,0.0015734434,0.99842656
201,0.99924755,0.0007524377
202,0.923718,0.07628201
203,0.9168259,0.08317409
204,0.9564465,0.043553475
205,0.79918134,0.20081866
206,0.39619035,0.60380965
207,0.06135589,0.9386441
208,0.29692,0.70308
209,0.8606814,0.1393186
210,0.66817147,0.33182853
211,0.6742762,0.32572383
212,0.09792912,0.9020709
213,0.04591012,0.9540899
214,0.8819303,0.11806972
215,0.45451796,0.54548204
216,0.92680895,0.07319103
217,0.99801445,0.0019855618
218,0.9589683,0.0410317
219,0.079203784,0.9207962
220,0.26746672,0.7325333
221,0.96233904,0.037660938
222,0.24874872,0.7512513
223,0.9674213,0.032578688
224,0.21854126,0.78145874
225,0.017880917,0.9821191
226,0.21375859,0.7862414
227,0.28849512,0.7115049
228,0.7653602,0.23463981
229,0.006526768,0.99347323
230,0.2990083,0.7009917
231,0.76563454,0.23436543
232,0.014052272,0.9859477
233,0.1437769,0.8562231
234,0.99021834,0.00978164
235,0.3147704,0.6852296
236,0.28960544,0.71039456
237,0.74502647,0.2549735
238,0.13967478,0.8603252
239,0.14912975,0.85087025
240,0.035827756,0.96417224
241,0.20354056,0.79645944
242,0.0021182895,0.9978817
243,0.024591684,0.9754083
244,0.031319022,0.968681
245,0.16701084,0.83298916
246,0.028772354,0.97122765
247,0.9603959,0.0396041
248,0.5543971,0.44560292
249,0.93885714,0.06114287
250,0.31350893,0.6864911
251,0.57256216,0.42743784
252,0.96102923,0.038970757
253,0.19310081,0.8068992
254,0.008408785,0.9915912
255,0.24268234,0.75731766
256,0.9874177,0.012582319
257,0.47174257,0.5282574
258,0.9817243,0.018275674
259,0.087813854,0.91218615
260,0.85097504,0.149025
261,0.19729704,0.80270296
262,0.0030900836,0.9969099
263,0.9979036,0.0020964055
264,0.029347718,0.9706523
265,0.32441092,0.6755891
266,0.76590776,0.23409224
267,0.065847516,0.9341525
268,0.82680035,0.17319965
269,0.028571427,0.9714286
270,0.3837108,0.6162892
271,0.25880754,0.74119246
272,0.017296016,0.982704
273,0.09602052,0.9039795
274,0.9846208,0.015379198
275,0.40882397,0.59117603
276,0.937061,0.062938966
277,0.9909295,0.009070544
278,0.44163036,0.55836964
279,0.7399093,0.26009074
280,0.4746349,0.5253651
281,0.10868871,0.8913113
282,0.6842364,0.3157636
283,0.9799644,0.020035604
284,0.9992041,0.0007959275
285,0.95452625,0.045473777
286,0.062431753,0.93756825
287,0.9938337,0.0061662886
288,0.0017029643,0.99829704
289,0.8808835,0.119116485
290,0.014376521,0.9856235
291,0.16589999,0.8341
292,0.51070094,0.48929903
293,0.0727191,0.9272809
294,0.45606965,0.54393035
295,0.6088737,0.3911263
296,0.0036270618,0.99637294
297,0.031876087,0.9681239
298,0.016280591,0.9837194
299,0.1967566,0.8032434
300,0.96529573,0.03470427
301,0.036688507,0.9633115
302,0.16050243,0.83949757
303,0.06267542,0.9373246
304,0.98869824,0.011301728
305,0.9612066,0.038793363
306,0.014299929,0.9857001
307,0.08156395,0.91843605
308,0.015132844,0.98486716
309,0.9024566,0.097543396
310,0.5402972,0.4597028
311,0.67928475,0.32071525
312,0.21741349,0.7825865
313,0.991122,0.0088780075
314,0.025392473,0.9746075
315,0.9617691,0.038230915
316,0.17316097,0.826839
317,0.020762026,0.979238
318,0.95524734,0.04475266
319,0.013507903,0.9864921
320,0.8615092,0.13849081
321,0.8847503,0.115249716
322,0.1894297,0.8105703
323,0.55564666,0.44435337
324,0.005531311,0.9944687
325,0.931946,0.06805404
326,0.00363338,0.9963666
327,0.7884196,0.21158041
328,0.21727204,0.78272796
329,0.22106719,0.7789328
330,0.9884952,0.011504819
331,0.26222372,0.7377763
332,0.23880905,0.76119095
333,0.38053626,0.61946374
334,0.1183486,0.8816514
335,0.89973664,0.10026335
336,0.6549578,0.34504226
337,0.09616202,0.903838
338,0.062729,0.937271
339,0.22273004,0.77726996
340,0.053752422,0.9462476
341,0.8006739,0.1993261
342,0.44415176,0.55584824
343,0.74438727,0.2556127
344,0.95984405,0.040155973
345,0.7375697,0.2624303
346,0.070325136,0.92967486
347,0.2925672,0.7074328
348,0.4963342,0.5036658
349,0.006966114,0.9930339
350,0.017954051,0.98204595
351,0.94507045,0.05492958
352,0.5864545,0.41354552
353,0.98110795,0.018892031
354,0.9533474,0.04665262
355,0.0007901192,0.9992099
356,0.044971526,0.9550285
357,0.12628794,0.87371206
358,0.29907852,0.7009215
359,0.9686804,0.03131963
360,0.89639634,0.10360368
361,0.9096853,0.090314664
362,0.96440196,0.03559807
363,0.66481435,0.33518568
364,0.20418566,0.79581434
365,0.96949154,0.03050846
366,0.8267765,0.17322353
367,0.6106726,0.38932738
368,0.15165061,0.8483494
369,0.96755934,0.03244064
370,0.8597814,0.14021862
371,0.7404854,0.25951454
372,0.002800107,0.9971999
373,0.012851894,0.9871481
374,0.9945762,0.005423771
375,0.22979313,0.77020687
376,0.10071558,0.8992844
377,0.104484856,0.89551514
378,0.9636129,0.03638708
379,0.98400074,0.015999265
380,0.04288149,0.9571185
381,0.9855138,0.014486183
382,0.32519084,0.67480916
383,0.9982459,0.0017541159
384,0.04398185,0.95601815
385,0.39788622,0.6021138
386,0.02823478,0.9717652
387,0.031757176,0.9682428
388,0.45983326,0.54016674
389,0.96886915,0.031130834
390,0.005883336,0.99411666
391,0.8121804,0.18781959
392,0.18352038,0.8164796
393,0.6888267,0.31117332
394,0.93768865,0.062311377
395,0.8578983,0.1421017
396,0.34404194,0.65595806
397,0.003899455,0.99610054
398,0.43850583,0.5614942
399,0.4583853,0.5416147
