,0,1
0,0.010686457,0.98931354
1,0.04362011,0.9563799
2,0.5678717,0.43212828
3,0.8007966,0.19920337
4,0.17630023,0.8236998
5,0.9854876,0.014512415
6,0.9704005,0.029599493
7,0.20175076,0.79824924
8,0.9853409,0.014659094
9,0.90012896,0.09987107
10,0.04340744,0.95659256
11,0.009907067,0.99009293
12,0.99627525,0.0037247369
13,0.022048354,0.97795165
14,0.9892502,0.010749823
15,0.95085627,0.04914371
16,0.83186847,0.16813152
17,0.96604854,0.033951487
18,0.6551794,0.34482065
19,0.9881178,0.01188218
20,0.46970743,0.5302926
21,0.16349089,0.8365091
22,0.2839147,0.7160853
23,0.47593868,0.5240613
24,0.75810957,0.2418904
25,0.9831958,0.01680423
26,0.393678,0.606322
27,0.012329817,0.9876702
28,0.311485,0.688515
29,0.0044040084,0.995596
30,0.5521083,0.44789168
31,0.9829792,0.017020816
32,0.8982259,0.10177412
33,0.07447469,0.9255253
34,0.37157744,0.62842256
35,0.8519766,0.14802341
36,0.96846604,0.031533975
37,0.5513241,0.44867584
38,0.8560142,0.14398582
39,0.04050702,0.959493
40,0.0020305514,0.99796945
41,0.9304047,0.06959526
42,0.27835947,0.7216405
43,0.6464808,0.35351917
44,0.74142754,0.25857243
45,0.18398976,0.81601024
46,0.83619356,0.16380641
47,0.1657744,0.8342256
48,0.9384995,0.061500505
49,0.12297684,0.87702316
50,0.8876773,0.11232268
51,0.9668749,0.033125084
52,0.94866,0.05133998
53,0.48896557,0.5110344
54,0.81145805,0.18854193
55,0.13783729,0.8621627
56,0.8090956,0.1909044
57,0.38699794,0.61300206
58,0.9366158,0.063384175
59,0.05112064,0.94887936
60,0.30066407,0.69933593
61,0.38285232,0.6171477
62,0.9667585,0.0332415
63,0.06623936,0.93376064
64,0.40974474,0.59025526
65,0.61103106,0.3889689
66,0.41148508,0.5885149
67,0.005796969,0.99420303
68,0.6622806,0.33771938
69,0.08344245,0.91655755
70,0.32437354,0.67562646
71,0.00690639,0.9930936
72,0.004573226,0.9954268
73,0.55800676,0.44199324
74,0.22622383,0.7737762
75,0.690099,0.30990097
76,0.19828922,0.8017108
77,0.20806968,0.7919303
78,0.076538384,0.9234616
79,0.34203655,0.65796345
80,0.7773818,0.22261819
81,0.8063375,0.19366255
82,0.9673268,0.032673173
83,0.08430636,0.91569364
84,0.95902705,0.040972937
85,0.7177019,0.28229806
86,0.18743122,0.8125688
87,0.903134,0.09686601
88,0.96628124,0.033718754
89,0.8635752,0.1364248
90,0.99277955,0.0072204554
91,0.020477057,0.97952294
92,0.11900562,0.8809944
93,0.92178726,0.07821274
94,0.8206436,0.17935641
95,0.9398462,0.060153786
96,0.029210925,0.9707891
97,0.26399016,0.73600984
98,0.91343135,0.08656864
99,0.99526465,0.0047353534
100,0.047576964,0.95242304
101,0.019233942,0.98076606
102,0.97527593,0.02472409
103,0.89232415,0.107675835
104,0.89970845,0.10029156
105,0.12630755,0.87369245
106,0.8133724,0.18662763
107,0.99582946,0.0041705077
108,0.44231093,0.5576891
109,0.2301678,0.7698322
110,0.087029874,0.9129701
111,0.902883,0.09711701
112,0.17286575,0.82713425
113,0.0074074864,0.9925925
114,0.13085228,0.8691477
115,0.027483523,0.9725165
116,0.0013692975,0.9986307
117,0.10374987,0.8962501
118,0.99601185,0.003988132
119,0.2157281,0.7842719
120,0.0027275681,0.99727243
121,0.0032601953,0.9967398
122,0.8797013,0.120298706
123,0.02245158,0.9775484
124,0.5065526,0.49344742
125,0.24652117,0.7534788
126,0.42704803,0.572952
127,0.9321554,0.06784462
128,0.5732808,0.42671916
129,0.6423828,0.3576172
130,0.88690776,0.113092266
131,0.06731582,0.9326842
132,0.9850827,0.014917291
133,0.23084015,0.76915985
134,0.24950075,0.75049925
135,0.3313818,0.6686182
136,0.5349186,0.4650814
137,0.9218028,0.078197196
138,0.9104917,0.089508295
139,0.195746,0.804254
140,0.7950855,0.20491451
141,0.0034051538,0.99659485
142,0.5990343,0.4009657
143,0.099738,0.900262
144,0.004501462,0.99549854
145,0.5930507,0.40694925
146,0.96476275,0.035237227
147,0.92591244,0.074087575
148,0.01841414,0.98158586
149,0.7437896,0.2562104
150,0.7237729,0.27622712
151,0.21319884,0.78680116
152,0.9732896,0.026710398
153,0.9040687,0.095931284
154,0.092921674,0.9070783
155,0.44865656,0.55134344
156,0.79180384,0.20819618
157,0.27377343,0.72622657
158,0.15236723,0.84763277
159,0.15032667,0.84967333
160,0.29996717,0.70003283
161,0.9586094,0.041390587
162,0.6382004,0.36179957
163,0.96973944,0.030260568
164,0.99051565,0.009484378
165,0.122267604,0.8777324
166,0.8215685,0.17843154
167,0.8888195,0.11118048
168,0.88946486,0.110535175
169,0.8203664,0.17963362
170,0.09096044,0.90903956
171,0.6241443,0.3758557
172,0.24092263,0.75907737
173,0.9864222,0.013577845
174,0.25840604,0.74159396
175,0.016358137,0.98364186
176,0.95608854,0.043911483
177,0.99933946,0.0006605488
178,0.67615175,0.32384825
179,0.5377971,0.46220288
180,0.37231624,0.62768376
181,0.64913344,0.3508666
182,0.47504026,0.52495974
183,0.055361927,0.9446381
184,0.3425939,0.6574061
185,0.47530323,0.52469677
186,0.931385,0.06861502
187,0.058371544,0.94162846
188,0.045306444,0.95469356
189,0.99095154,0.009048476
190,0.9576014,0.042398542
191,0.009405494,0.9905945
192,0.57308924,0.4269108
193,0.013058364,0.98694164
194,0.0519529,0.9480471
195,0.08220148,0.9177985
196,0.8796048,0.12039521
197,0.6437946,0.3562054
198,0.037430406,0.9625696
199,0.092734575,0.9072654
200,0.0021209717,0.997879
201,0.9538319,0.046168074
202,0.043838024,0.956162
203,0.9923755,0.0076244962
204,0.8477119,0.15228811
205,0.9371842,0.06281576
206,0.8278788,0.17212121
207,0.056786835,0.94321316
208,0.49555594,0.50444406
209,0.47019047,0.52980953
210,0.39661258,0.6033874
211,0.75383925,0.24616078
212,0.5807983,0.41920167
213,0.022620797,0.9773792
214,0.9953624,0.0046375827
215,0.31961626,0.68038374
216,0.49472696,0.50527304
217,0.9967024,0.0032976451
218,0.76987183,0.2301282
219,0.036264837,0.96373516
220,0.3348552,0.6651448
221,0.9473756,0.05262442
222,0.6538789,0.34612104
223,0.9829319,0.017068062
224,0.56398904,0.43601093
225,0.015077114,0.9849229
226,0.054154932,0.94584507
227,0.7588306,0.24116938
228,0.97605115,0.023948824
229,0.00949353,0.9905065
230,0.69444585,0.30555412
231,0.7214456,0.27855438
232,0.036375582,0.9636244
233,0.33013856,0.66986144
234,0.11563218,0.8843678
235,0.44711578,0.5528842
236,0.8567115,0.14328846
237,0.86863077,0.13136923
238,0.6218709,0.3781291
239,0.12218362,0.8778164
240,0.15552777,0.8444722
241,0.3615042,0.6384958
242,0.096087635,0.90391237
243,0.63740456,0.36259547
244,0.073406756,0.92659324
245,0.30772108,0.6922789
246,0.060944736,0.93905526
247,0.47462136,0.52537864
248,0.84170544,0.15829459
249,0.96829,0.031710006
250,0.87448174,0.12551825
251,0.1602062,0.8397938
252,0.974001,0.025998991
253,0.5458845,0.45411548
254,0.0164271,0.9835729
255,0.13788944,0.86211056
256,0.9871202,0.012879792
257,0.30236346,0.69763654
258,0.7603699,0.23963009
259,0.31101227,0.68898773
260,0.81066513,0.18933488
261,0.7267828,0.2732172
262,0.003481865,0.99651814
263,0.96369314,0.036306854
264,0.06333339,0.9366666
265,0.091599405,0.9084006
266,0.65092754,0.34907243
267,0.082479835,0.91752017
268,0.80199724,0.19800276
269,0.16184711,0.8381529
270,0.9564596,0.043540392
271,0.5178786,0.4821214
272,0.008177817,0.9918222
273,0.59899706,0.40100294
274,0.42546773,0.5745323
275,0.17362124,0.82637876
276,0.88116,0.11883998
277,0.9754309,0.024569094
278,0.6205063,0.37949368
279,0.6282074,0.3717926
280,0.12442255,0.87557745
281,0.20270342,0.7972966
282,0.55110115,0.44889885
283,0.62108487,0.37891513
284,0.95361,0.046389982
285,0.7009931,0.29900688
286,0.033903956,0.96609604
287,0.9361105,0.06388947
288,0.04026699,0.959733
289,0.9776137,0.022386294
290,0.12719768,0.8728023
291,0.8443991,0.15560089
292,0.054588795,0.9454112
293,0.77171004,0.22828996
294,0.69833875,0.30166125
295,0.9577191,0.042280912
296,0.74792504,0.25207493
297,0.5599034,0.4400966
298,0.036133766,0.96386623
299,0.026518822,0.9734812
300,0.9003239,0.09967607
301,0.6656217,0.3343783
302,0.76276207,0.23723793
303,0.029264152,0.97073585
304,0.9532436,0.04675636
305,0.2446993,0.7553007
306,0.036465347,0.96353465
307,0.14472264,0.85527736
308,0.26050043,0.73949957
309,0.036786616,0.9632134
310,0.8277206,0.17227943
311,0.79147816,0.20852187
312,0.10831827,0.89168173
313,0.9481868,0.051813178
314,0.30410194,0.69589806
315,0.7914256,0.20857438
316,0.11311221,0.8868878
317,0.39285165,0.60714835
318,0.46542138,0.5345786
319,0.44181728,0.5581827
320,0.9428752,0.05712482
321,0.99373263,0.0062673395
322,0.6313211,0.36867893
323,0.68841124,0.31158876
324,0.35391378,0.6460862
325,0.58608496,0.41391504
326,0.02416879,0.9758312
327,0.7352108,0.26478925
328,0.13598114,0.86401886
329,0.09443891,0.9055611
330,0.9841754,0.0158246
331,0.09231192,0.9076881
332,0.18815106,0.81184894
333,0.82151043,0.17848958
334,0.12505126,0.87494874
335,0.995276,0.0047240425
336,0.614604,0.385396
337,0.15178531,0.8482147
338,0.6569729,0.34302709
339,0.9667094,0.033290617
340,0.10746461,0.8925354
341,0.88797647,0.11202355
342,0.8939626,0.10603735
343,0.045870543,0.95412946
344,0.9739232,0.02607677
345,0.87014097,0.12985902
346,0.5127132,0.48728684
347,0.32981664,0.67018336
348,0.07713354,0.92286646
349,0.020325363,0.97967464
350,0.073648214,0.9263518
351,0.9836228,0.016377188
352,0.61765003,0.38234994
353,0.97360855,0.02639146
354,0.71867293,0.28132707
355,0.0020098686,0.99799013
356,0.03323412,0.9667659
357,0.026843607,0.9731564
358,0.48959917,0.51040083
359,0.81912047,0.18087952
360,0.8386418,0.16135816
361,0.5307616,0.46923843
362,0.8630789,0.13692111
363,0.24404144,0.75595856
364,0.3681475,0.6318525
365,0.6462785,0.35372147
366,0.68722606,0.3127739
367,0.71081686,0.28918314
368,0.08483064,0.91516936
369,0.8104332,0.18956678
370,0.78176117,0.21823882
371,0.53436434,0.46563566
372,0.0072285533,0.99277145
373,0.0020912886,0.9979087
374,0.9905032,0.009496817
375,0.32657683,0.6734232
376,0.99472654,0.0052734613
377,0.25846398,0.741536
378,0.689741,0.31025898
379,0.976808,0.023191981
380,0.028286338,0.97171366
381,0.83030474,0.16969529
382,0.45119178,0.5488082
383,0.91540086,0.08459914
384,0.08020103,0.919799
385,0.037943423,0.9620566
386,0.10668278,0.8933172
387,0.23797053,0.76202947
388,0.082719386,0.9172806
389,0.6759131,0.32408693
390,0.6276901,0.3723099
391,0.09941208,0.9005879
392,0.015061855,0.98493814
393,0.31610352,0.6838965
394,0.94469064,0.055309366
395,0.68098116,0.31901887
396,0.16213143,0.8378686
397,0.0041727424,0.99582726
398,0.6706816,0.3293184
399,0.12845683,0.87154317
