,0,1
0,0.064528346,0.93547165
1,0.11122376,0.88877624
2,0.9887859,0.011214076
3,0.5903808,0.4096192
4,0.47000754,0.52999246
5,0.9845755,0.015424495
6,0.647822,0.35217798
7,0.38745934,0.61254066
8,0.9648978,0.035102185
9,0.75790757,0.24209245
10,0.2156303,0.7843697
11,0.011775136,0.98822486
12,0.97463864,0.02536135
13,0.007914841,0.99208516
14,0.95011157,0.049888436
15,0.9202829,0.079717115
16,0.9417493,0.05825072
17,0.5878572,0.4121428
18,0.851143,0.148857
19,0.99172324,0.008276778
20,0.18100321,0.8189968
21,0.16731322,0.8326868
22,0.62225187,0.37774816
23,0.94576955,0.054230426
24,0.7865851,0.21341492
25,0.8127672,0.18723278
26,0.34568197,0.65431803
27,0.017022252,0.98297775
28,0.7607515,0.23924851
29,0.0019980073,0.998002
30,0.17811555,0.82188445
31,0.8657045,0.13429551
32,0.58094966,0.41905034
33,0.101119876,0.8988801
34,0.9776272,0.0223728
35,0.9721287,0.027871327
36,0.99239147,0.007608508
37,0.18076336,0.81923664
38,0.3057202,0.6942798
39,0.09324813,0.9067519
40,0.0056856275,0.9943144
41,0.9939139,0.006086135
42,0.99432176,0.005678221
43,0.54417574,0.45582423
44,0.9318435,0.06815647
45,0.040169,0.959831
46,0.52230895,0.47769102
47,0.4933225,0.5066775
48,0.9519385,0.048061494
49,0.29431677,0.70568323
50,0.72189456,0.27810544
51,0.99688053,0.003119442
52,0.9170556,0.08294441
53,0.113954246,0.88604575
54,0.32941788,0.6705821
55,0.8654043,0.13459568
56,0.83753276,0.16246723
57,0.2765273,0.7234727
58,0.32721388,0.6727861
59,0.08414203,0.915858
60,0.46057713,0.53942287
61,0.9273888,0.07261119
62,0.3564186,0.6435814
63,0.033154786,0.9668452
64,0.77185917,0.22814086
65,0.77913284,0.22086714
66,0.07442099,0.925579
67,0.029156327,0.9708437
68,0.9735601,0.026439914
69,0.021566689,0.9784333
70,0.7032001,0.29679993
71,0.067098975,0.932901
72,0.0022095442,0.99779046
73,0.1958422,0.8041578
74,0.19434094,0.80565906
75,0.9799042,0.02009583
76,0.7222098,0.27779022
77,0.768056,0.23194402
78,0.4832694,0.5167306
79,0.6764525,0.32354745
80,0.6469917,0.3530083
81,0.8584314,0.1415686
82,0.97472894,0.02527107
83,0.37901688,0.6209831
84,0.97625005,0.023749933
85,0.050189555,0.94981045
86,0.05036074,0.94963926
87,0.9638683,0.036131695
88,0.9903111,0.009688889
89,0.2251882,0.7748118
90,0.592433,0.40756705
91,0.008838177,0.9911618
92,0.027005374,0.9729946
93,0.8794627,0.12053728
94,0.26059484,0.73940516
95,0.998096,0.001904023
96,0.06236887,0.93763113
97,0.25785416,0.74214584
98,0.9150844,0.084915586
99,0.7960688,0.20393118
100,0.10479641,0.8952036
101,0.0005584359,0.99944156
102,0.993458,0.0065420317
103,0.09207153,0.90792847
104,0.91526073,0.084739245
105,0.8878703,0.112129696
106,0.98101443,0.018985571
107,0.9808909,0.019109096
108,0.5652386,0.4347614
109,0.32293534,0.67706466
110,0.18256444,0.81743556
111,0.9802597,0.019740297
112,0.72039807,0.27960193
113,0.026672125,0.9733279
114,0.73284584,0.26715416
115,0.10143232,0.8985677
116,0.0077046156,0.9922954
117,0.008534491,0.9914655
118,0.9995234,0.00047661332
119,0.63106084,0.36893913
120,0.0050681233,0.9949319
121,0.040276766,0.95972323
122,0.32296896,0.67703104
123,0.60616004,0.39383996
124,0.86383235,0.13616766
125,0.005462706,0.9945373
126,0.15767288,0.8423271
127,0.89734757,0.10265243
128,0.19859922,0.8014008
129,0.86670136,0.13329867
130,0.029460132,0.97053987
131,0.44642168,0.5535783
132,0.57015765,0.42984235
133,0.2188465,0.7811535
134,0.22033358,0.7796664
135,0.3061034,0.6938966
136,0.42180556,0.57819444
137,0.81388974,0.18611026
138,0.79128313,0.20871688
139,0.6874828,0.31251723
140,0.1456635,0.8543365
141,0.0044478774,0.9955521
142,0.66875154,0.33124846
143,0.8028218,0.1971782
144,0.020951033,0.97904897
145,0.8848444,0.11515557
146,0.6085317,0.3914683
147,0.9505901,0.049409915
148,0.006959796,0.9930402
149,0.838849,0.16115098
150,0.9241116,0.07588841
151,0.4425509,0.5574491
152,0.93823314,0.06176684
153,0.34751475,0.65248525
154,0.52610356,0.47389644
155,0.9899357,0.010064315
156,0.9439413,0.056058697
157,0.0726915,0.9273085
158,0.15273601,0.847264
159,0.49225086,0.50774914
160,0.100064754,0.89993525
161,0.16917849,0.8308215
162,0.7048749,0.29512516
163,0.40731782,0.5926822
164,0.9931697,0.0068302723
165,0.23721272,0.7627873
166,0.9538182,0.04618179
167,0.5237366,0.47626337
168,0.99152684,0.00847318
169,0.9976994,0.002300639
170,0.14567983,0.85432017
171,0.9078726,0.092127375
172,0.05421424,0.94578576
173,0.9120584,0.08794159
174,0.4062599,0.5937401
175,0.056779623,0.9432204
176,0.91784066,0.08215936
177,0.99243236,0.0075676413
178,0.8673341,0.13266584
179,0.12011576,0.87988424
180,0.85608405,0.14391597
181,0.3893345,0.6106655
182,0.7533543,0.24664567
183,0.036711156,0.96328884
184,0.41599238,0.5840076
185,0.095211804,0.9047882
186,0.82847935,0.17152067
187,0.5254885,0.4745115
188,0.010147154,0.98985285
189,0.9468032,0.05319679
190,0.7509959,0.24900411
191,0.013513207,0.9864868
192,0.9304829,0.06951705
193,0.046075046,0.95392495
194,0.015574098,0.9844259
195,0.07957119,0.9204288
196,0.5047584,0.49524158
197,0.15562856,0.84437144
198,0.047805607,0.9521944
199,0.20957422,0.7904258
200,0.004217744,0.99578226
201,0.9833658,0.016634233
202,0.92558455,0.07441546
203,0.96554244,0.03445754
204,0.9461128,0.053887192
205,0.88215876,0.11784123
206,0.99230695,0.0076930257
207,0.070400655,0.92959934
208,0.92764235,0.072357625
209,0.92101026,0.07898973
210,0.26395792,0.7360421
211,0.31172985,0.68827015
212,0.28077465,0.71922535
213,0.008907616,0.9910924
214,0.97369385,0.026306171
215,0.6803159,0.3196841
216,0.852622,0.14737803
217,0.9726289,0.027371136
218,0.8470799,0.15292011
219,0.22835267,0.77164733
220,0.08430296,0.91569704
221,0.9321263,0.0678737
222,0.14532775,0.85467225
223,0.7056904,0.29430962
224,0.7428916,0.2571084
225,0.008236647,0.99176335
226,0.21622461,0.7837754
227,0.22614539,0.7738546
228,0.970398,0.029602014
229,0.038146615,0.9618534
230,0.26776493,0.7322351
231,0.80640596,0.19359402
232,0.0037152767,0.9962847
233,0.3480813,0.6519187
234,0.931109,0.06889098
235,0.33045167,0.66954833
236,0.9800945,0.019905532
237,0.6230452,0.37695482
238,0.56507504,0.43492496
239,0.38564342,0.6143566
240,0.0047980547,0.99520195
241,0.14289099,0.857109
242,0.36681825,0.63318175
243,0.016099453,0.98390055
244,0.3740145,0.6259855
245,0.029156983,0.970843
246,0.06459886,0.93540114
247,0.984906,0.015093987
248,0.4247957,0.5752043
249,0.7677783,0.23222171
250,0.9599612,0.040038835
251,0.41438884,0.58561116
252,0.99112076,0.00887927
253,0.49900407,0.50099593
254,0.054539442,0.94546056
255,0.73473245,0.26526755
256,0.58546686,0.4145331
257,0.060768068,0.93923193
258,0.9977222,0.0022778008
259,0.48819757,0.51180243
260,0.15682375,0.84317625
261,0.22812694,0.77187306
262,0.012878239,0.98712176
263,0.98560846,0.014391571
264,0.022919297,0.9770807
265,0.43249738,0.5675026
266,0.2858311,0.7141689
267,0.05647099,0.943529
268,0.41270548,0.5872945
269,0.3563599,0.6436401
270,0.9181764,0.0818236
271,0.15059793,0.84940207
272,0.027872562,0.97212744
273,0.044975698,0.9550243
274,0.21269429,0.7873057
275,0.03309059,0.9669094
276,0.98979884,0.01020116
277,0.99113995,0.008860059
278,0.6754464,0.32455364
279,0.16036606,0.83963394
280,0.144593,0.855407
281,0.16185474,0.83814526
282,0.6526115,0.34738848
283,0.8996214,0.10037859
284,0.9922856,0.007714415
285,0.99758,0.0024199802
286,0.049843907,0.9501561
287,0.7780774,0.22192256
288,0.008810163,0.99118984
289,0.86751354,0.13248643
290,0.047755122,0.9522449
291,0.38763797,0.612362
292,0.5681004,0.4318996
293,0.6122278,0.3877722
294,0.2589394,0.7410606
295,0.93942004,0.06057998
296,0.17671162,0.8232884
297,0.021335721,0.9786643
298,0.023910344,0.97608966
299,0.02243334,0.97756666
300,0.6155261,0.3844739
301,0.09731454,0.90268546
302,0.7086356,0.29136437
303,0.014254987,0.985745
304,0.9761638,0.02383621
305,0.76430774,0.23569226
306,0.054153323,0.9458467
307,0.12431514,0.87568486
308,0.4213478,0.5786522
309,0.9743473,0.025652722
310,0.7202709,0.27972913
311,0.7042211,0.29577884
312,0.15509313,0.84490687
313,0.9834857,0.016514277
314,0.46229643,0.5377036
315,0.9625529,0.037447125
316,0.11324084,0.88675916
317,0.24328119,0.7567188
318,0.3374095,0.6625905
319,0.07946277,0.92053723
320,0.9138914,0.08610861
321,0.8623541,0.13764589
322,0.40133446,0.59866554
323,0.7937484,0.20625162
324,0.020896971,0.979103
325,0.8439267,0.15607329
326,0.037308693,0.9626913
327,0.98170346,0.018296527
328,0.70664835,0.29335168
329,0.07817817,0.92182183
330,0.76818955,0.23181045
331,0.40899074,0.59100926
332,0.028698683,0.9713013
333,0.6673994,0.3326006
334,0.06558102,0.934419
335,0.9955824,0.0044176187
336,0.87880087,0.12119911
337,0.50219274,0.49780726
338,0.7910403,0.20895968
339,0.70692456,0.29307547
340,0.1125499,0.8874501
341,0.6622511,0.33774891
342,0.75040674,0.24959323
343,0.3012795,0.6987205
344,0.99431425,0.0056857667
345,0.9925788,0.0074212076
346,0.65927,0.34073
347,0.6655543,0.33444574
348,0.12295419,0.8770458
349,0.016372442,0.98362756
350,0.02513796,0.97486204
351,0.97971666,0.02028334
352,0.74884665,0.25115335
353,0.8690097,0.13099033
354,0.8413442,0.15865584
355,0.0021608472,0.99783915
356,0.0047554374,0.99524456
357,0.0076833963,0.9923166
358,0.35350376,0.64649624
359,0.9944702,0.005529802
360,0.8840018,0.11599821
361,0.8005375,0.19946247
362,0.9357636,0.06423638
363,0.74977005,0.25022992
364,0.6884023,0.31159768
365,0.99599904,0.0040009604
366,0.95346993,0.04653004
367,0.1475808,0.8524192
368,0.82489544,0.17510454
369,0.9499254,0.050074592
370,0.91777927,0.08222071
371,0.9069769,0.09302312
372,0.009358585,0.9906414
373,0.17057931,0.8294207
374,0.9980464,0.0019536093
375,0.21207994,0.78792006
376,0.47172546,0.52827454
377,0.17401493,0.8259851
378,0.96970445,0.030295571
379,0.9684277,0.031572305
380,0.016449153,0.98355085
381,0.988348,0.011651996
382,0.48834342,0.5116566
383,0.99477345,0.005226548
384,0.80460995,0.19539005
385,0.071205914,0.9287941
386,0.118211806,0.8817882
387,0.029178858,0.97082114
388,0.15962124,0.84037876
389,0.22191107,0.7780889
390,0.8321518,0.16784824
391,0.4312237,0.5687763
392,0.06746161,0.9325384
393,0.023551345,0.97644866
394,0.9787531,0.021246903
395,0.29532814,0.70467186
396,0.018724442,0.98127556
397,0.0021118522,0.99788815
398,0.45148593,0.54851407
399,0.3197819,0.6802181
