,0,1
0,0.035977244,0.96402276
1,0.41107804,0.58892196
2,0.9028522,0.09714781
3,0.93507886,0.064921156
4,0.4473005,0.5526995
5,0.99703306,0.002966963
6,0.89864403,0.101355985
7,0.3968904,0.6031096
8,0.9588359,0.041164096
9,0.90810174,0.09189825
10,0.08362347,0.91637653
11,0.06354588,0.9364541
12,0.9930865,0.006913492
13,0.043771446,0.95622855
14,0.9460563,0.053943694
15,0.9077477,0.09225231
16,0.8359148,0.16408521
17,0.43519574,0.56480426
18,0.98448724,0.01551274
19,0.8561537,0.1438463
20,0.086441636,0.91355836
21,0.22241116,0.77758884
22,0.05288446,0.94711554
23,0.692559,0.30744097
24,0.8275254,0.17247465
25,0.9542611,0.04573888
26,0.2738812,0.7261188
27,0.052968502,0.9470315
28,0.8600856,0.13991438
29,0.0041891336,0.99581087
30,0.18045664,0.81954336
31,0.7649304,0.23506957
32,0.07459313,0.9254069
33,0.040428698,0.9595713
34,0.98147434,0.01852564
35,0.99803126,0.0019687498
36,0.95869035,0.041309673
37,0.64198244,0.35801756
38,0.5412268,0.4587732
39,0.43897396,0.56102604
40,0.005634427,0.9943656
41,0.9854964,0.014503628
42,0.9238312,0.076168746
43,0.92838097,0.07161901
44,0.37872368,0.6212763
45,0.1139102,0.8860898
46,0.7533966,0.24660343
47,0.7971611,0.20283887
48,0.9735186,0.02648137
49,0.3165182,0.6834818
50,0.8632312,0.13676882
51,0.9852762,0.01472375
52,0.5791419,0.4208581
53,0.42156142,0.5784386
54,0.5738385,0.42616153
55,0.7156896,0.2843104
56,0.7187531,0.28124693
57,0.15544438,0.8445556
58,0.6759637,0.3240363
59,0.005034864,0.99496514
60,0.86871433,0.1312857
61,0.5676813,0.43231872
62,0.78399384,0.21600614
63,0.031570256,0.96842974
64,0.57841396,0.42158607
65,0.80294734,0.19705264
66,0.12346578,0.8765342
67,0.008774102,0.9912259
68,0.70382917,0.29617083
69,0.060284436,0.93971556
70,0.78624547,0.21375456
71,0.094349444,0.90565056
72,0.008817196,0.9911828
73,0.16536903,0.83463097
74,0.20044833,0.79955167
75,0.9224668,0.07753317
76,0.35071748,0.6492825
77,0.53367734,0.46632263
78,0.17642659,0.8235734
79,0.8965565,0.1034435
80,0.15962982,0.8403702
81,0.942781,0.057219036
82,0.56906986,0.43093017
83,0.020211518,0.9797885
84,0.9710331,0.028966917
85,0.3662204,0.6337796
86,0.03725189,0.9627481
87,0.9952344,0.004765653
88,0.81185526,0.18814474
89,0.37045264,0.62954736
90,0.53378415,0.46621585
91,0.1251598,0.8748402
92,0.08962983,0.9103702
93,0.9550087,0.044991296
94,0.42647487,0.57352513
95,0.99804014,0.001959883
96,0.21025348,0.7897465
97,0.021793365,0.97820663
98,0.8111623,0.1888377
99,0.7231221,0.27687788
100,0.030818284,0.9691817
101,0.004853785,0.9951462
102,0.9583364,0.041663602
103,0.10008705,0.89991295
104,0.6953895,0.30461052
105,0.9421367,0.057863317
106,0.8132247,0.18677536
107,0.99791205,0.0020879465
108,0.394247,0.605753
109,0.5582931,0.44170693
110,0.04175073,0.9582493
111,0.9842688,0.015731202
112,0.8680839,0.13191609
113,0.01656121,0.9834388
114,0.9261167,0.07388328
115,0.29343534,0.70656466
116,0.0026407838,0.9973592
117,0.13033831,0.8696617
118,0.997543,0.0024570124
119,0.19376928,0.8062307
120,0.02975905,0.97024095
121,0.03138262,0.9686174
122,0.1434778,0.8565222
123,0.59058464,0.40941536
124,0.8951575,0.10484247
125,0.0036043525,0.99639565
126,0.5255979,0.47440213
127,0.98154986,0.018450124
128,0.36402792,0.6359721
129,0.9980929,0.0019070822
130,0.22117299,0.778827
131,0.6503509,0.34964904
132,0.96468914,0.03531088
133,0.31423092,0.6857691
134,0.13716376,0.86283624
135,0.13070321,0.8692968
136,0.74499154,0.25500846
137,0.777972,0.22202803
138,0.4881721,0.5118279
139,0.7514904,0.24850959
140,0.30120862,0.6987914
141,0.0013456345,0.99865437
142,0.5512176,0.44878238
143,0.88544273,0.114557244
144,0.0016540289,0.998346
145,0.45181024,0.54818976
146,0.93760365,0.062396355
147,0.9735516,0.026448432
148,0.0019851923,0.9980148
149,0.86772674,0.13227324
150,0.7580085,0.24199155
151,0.39589763,0.6041024
152,0.9641813,0.035818666
153,0.77760303,0.22239697
154,0.017891169,0.98210883
155,0.9651347,0.0348653
156,0.97477627,0.025223752
157,0.22585952,0.7741405
158,0.124521255,0.87547874
159,0.05044794,0.94955206
160,0.6482188,0.3517812
161,0.41749036,0.58250964
162,0.87478936,0.12521066
163,0.24858111,0.7514189
164,0.98351693,0.01648308
165,0.5320967,0.46790332
166,0.7643253,0.23567466
167,0.24203438,0.7579656
168,0.9729768,0.027023226
169,0.9232274,0.07677257
170,0.12215167,0.8778483
171,0.9403434,0.05965665
172,0.09234345,0.90765655
173,0.570407,0.42959303
174,0.16153848,0.8384615
175,0.06769627,0.9323037
176,0.9970434,0.002956636
177,0.9991625,0.00083751086
178,0.7055125,0.29448748
179,0.7618112,0.23818879
180,0.72213745,0.27786252
181,0.8949348,0.10506525
182,0.45302385,0.54697615
183,0.012907863,0.98709214
184,0.10231596,0.89768404
185,0.1404072,0.8595928
186,0.95064163,0.049358375
187,0.6669915,0.33300853
188,0.015885592,0.9841144
189,0.99759597,0.0024040237
190,0.89932513,0.1006749
191,0.044936955,0.95506305
192,0.84908324,0.15091677
193,0.14461118,0.8553888
194,0.13110667,0.8688933
195,0.30022317,0.6997768
196,0.17571992,0.8242801
197,0.0029006004,0.9970994
198,0.0031302571,0.99686974
199,0.7418932,0.2581068
200,0.011012375,0.9889876
201,0.9880547,0.011945295
202,0.82891864,0.17108138
203,0.97288203,0.027117977
204,0.9934622,0.0065377844
205,0.75835514,0.24164484
206,0.985777,0.0142230075
207,0.2648338,0.7351662
208,0.96979177,0.03020823
209,0.98580813,0.01419188
210,0.68133354,0.31866646
211,0.8834769,0.1165231
212,0.16931802,0.830682
213,0.0072318316,0.99276817
214,0.99254966,0.0074503436
215,0.4875126,0.5124874
216,0.72229767,0.27770233
217,0.9543162,0.045683797
218,0.88082504,0.11917494
219,0.032845795,0.9671542
220,0.37767905,0.62232095
221,0.83947194,0.16052803
222,0.3636518,0.6363482
223,0.8642439,0.13575609
224,0.14555156,0.85444844
225,0.03748566,0.96251434
226,0.31480312,0.6851969
227,0.75798154,0.24201849
228,0.98976296,0.010237024
229,0.004702747,0.99529725
230,0.010210335,0.98978966
231,0.9372027,0.0627973
232,0.008680999,0.991319
233,0.57299,0.42701
234,0.98581666,0.014183323
235,0.06315935,0.93684065
236,0.76061326,0.23938675
237,0.32783663,0.67216337
238,0.114191175,0.8858088
239,0.42476708,0.5752329
240,0.1430974,0.8569026
241,0.3514188,0.6485812
242,0.029817104,0.9701829
243,0.050415218,0.9495848
244,0.08728176,0.91271824
245,0.12191045,0.87808955
246,0.03454244,0.96545756
247,0.9376099,0.062390074
248,0.14032704,0.85967296
249,0.7097708,0.29022923
250,0.7719302,0.22806975
251,0.1949783,0.8050217
252,0.98332644,0.016673552
253,0.7397341,0.2602659
254,0.026208818,0.9737912
255,0.11337221,0.8866278
256,0.8442745,0.15572548
257,0.4258952,0.5741048
258,0.9952472,0.0047528376
259,0.15724754,0.84275246
260,0.617784,0.382216
261,0.22980416,0.77019584
262,0.011357009,0.988643
263,0.9975313,0.002468691
264,0.08039057,0.9196094
265,0.1276375,0.8723625
266,0.17531246,0.82468754
267,0.007414639,0.99258536
268,0.11405802,0.885942
269,0.21264654,0.78735346
270,0.7658932,0.23410678
271,0.17437375,0.82562625
272,0.026042223,0.9739578
273,0.18186629,0.8181337
274,0.75955766,0.24044234
275,0.027463138,0.97253686
276,0.97508615,0.024913868
277,0.9784134,0.021586621
278,0.6689949,0.33100507
279,0.6906599,0.30934012
280,0.36646175,0.63353825
281,0.21205187,0.78794813
282,0.5207165,0.4792835
283,0.8710762,0.12892376
284,0.98432165,0.015678352
285,0.9766729,0.023327135
286,0.17550105,0.82449895
287,0.5968934,0.4031066
288,0.0034458637,0.99655414
289,0.93003255,0.069967434
290,0.2778499,0.7221501
291,0.24203414,0.75796586
292,0.6909755,0.3090245
293,0.5867136,0.4132864
294,0.6910993,0.3089007
295,0.84954906,0.15045096
296,0.19016129,0.8098387
297,0.039268494,0.9607315
298,0.006333649,0.99366635
299,0.013196528,0.9868035
300,0.7437948,0.25620523
301,0.2228058,0.7771942
302,0.5420208,0.45797923
303,0.0026888847,0.9973111
304,0.989229,0.010770978
305,0.90344596,0.09655405
306,0.084239185,0.9157608
307,0.31029308,0.6897069
308,0.4291513,0.5708487
309,0.21719873,0.7828013
310,0.82606375,0.17393623
311,0.79992574,0.20007424
312,0.12620443,0.87379557
313,0.99693257,0.003067449
314,0.5550939,0.44490612
315,0.8540318,0.14596823
316,0.46877748,0.5312225
317,0.18671381,0.8132862
318,0.33335102,0.666649
319,0.11718887,0.8828111
320,0.9247894,0.07521059
321,0.8367687,0.16323133
322,0.44103122,0.5589688
323,0.6320544,0.3679456
324,0.017921746,0.98207825
325,0.95262617,0.047373824
326,0.010781109,0.9892189
327,0.6194016,0.3805984
328,0.88729805,0.11270194
329,0.75347257,0.24652742
330,0.94679475,0.053205226
331,0.32693672,0.6730633
332,0.14878881,0.8512112
333,0.29104608,0.7089539
334,0.15705341,0.8429466
335,0.9855858,0.014414167
336,0.7903751,0.20962486
337,0.16389841,0.8361016
338,0.65068173,0.34931824
339,0.57234967,0.42765036
340,0.025549829,0.9744502
341,0.47964728,0.5203527
342,0.68860507,0.3113949
343,0.6772611,0.3227389
344,0.90165937,0.098340645
345,0.5964244,0.4035756
346,0.85414106,0.14585893
347,0.37539226,0.62460774
348,0.6118747,0.3881253
349,0.012521863,0.98747814
350,0.39960682,0.6003932
351,0.9873808,0.012619221
352,0.84305143,0.15694857
353,0.9139423,0.08605773
354,0.9656614,0.034338564
355,0.0049455166,0.9950545
356,0.09686369,0.9031363
357,0.053575933,0.94642407
358,0.12698275,0.87301725
359,0.9889979,0.011002149
360,0.9290281,0.070971906
361,0.49840218,0.5015978
362,0.9965745,0.0034254831
363,0.26495725,0.73504275
364,0.1664226,0.8335774
365,0.99484724,0.0051527377
366,0.78193605,0.21806394
367,0.29398984,0.70601016
368,0.642977,0.357023
369,0.8494721,0.15052788
370,0.87979394,0.120206065
371,0.9645149,0.035485093
372,0.01965183,0.98034817
373,0.040584862,0.95941514
374,0.9990865,0.00091348327
375,0.792939,0.207061
376,0.7141351,0.2858649
377,0.65650773,0.3434923
378,0.94357646,0.05642356
379,0.9754986,0.024501406
380,0.30375367,0.6962463
381,0.9216857,0.078314275
382,0.9796321,0.020367926
383,0.95607984,0.04392013
384,0.042176127,0.9578239
385,0.011828363,0.98817164
386,0.23851252,0.7614875
387,0.2655058,0.7344942
388,0.21960157,0.7803984
389,0.5806431,0.41935688
390,0.38516223,0.61483777
391,0.20597196,0.79402804
392,0.08515042,0.9148496
393,0.16043639,0.8395636
394,0.507473,0.49252704
395,0.367922,0.632078
396,0.25501448,0.7449855
397,0.0005696416,0.99943036
398,0.19122839,0.8087716
399,0.11664766,0.88335234
