,0,1
0,0.91132057,0.088679425
1,0.91132057,0.088679425
2,0.91132057,0.088679425
3,0.91132057,0.088679425
4,0.014393389,0.9856066
5,0.91132057,0.088679425
6,0.91132057,0.088679425
7,0.91132057,0.088679425
8,0.91132057,0.088679425
9,0.91132057,0.088679425
10,0.91132057,0.088679425
11,0.91132057,0.088679425
12,0.91132057,0.088679425
13,0.91132057,0.088679425
14,0.91132057,0.088679425
15,0.91132057,0.088679425
16,0.91132057,0.088679425
17,0.91132057,0.088679425
18,0.91132057,0.088679425
19,0.91132057,0.088679425
20,0.91132057,0.088679425
21,0.91132057,0.088679425
22,0.91132057,0.088679425
23,0.91132057,0.088679425
24,0.91132057,0.088679425
25,0.91132057,0.088679425
26,0.91132057,0.088679425
27,0.91132057,0.088679425
28,0.91132057,0.088679425
29,0.91132057,0.088679425
30,0.91132057,0.088679425
31,0.91132057,0.088679425
32,0.91132057,0.088679425
33,0.91132057,0.088679425
34,0.91132057,0.088679425
35,0.91132057,0.088679425
36,0.91132057,0.088679425
37,0.91132057,0.088679425
38,0.91132057,0.088679425
39,0.91132057,0.088679425
40,0.91132057,0.088679425
41,0.91132057,0.088679425
42,0.91132057,0.088679425
43,0.91132057,0.088679425
44,0.91132057,0.088679425
45,0.91132057,0.088679425
46,0.91132057,0.088679425
47,0.91132057,0.088679425
48,0.91132057,0.088679425
49,0.91132057,0.088679425
50,0.91132057,0.088679425
51,0.91132057,0.088679425
52,0.91132057,0.088679425
53,0.91132057,0.088679425
54,0.91132057,0.088679425
55,0.91132057,0.088679425
56,0.91132057,0.088679425
57,0.91132057,0.088679425
58,0.91132057,0.088679425
59,0.014393389,0.9856066
60,0.91132057,0.088679425
61,0.91132057,0.088679425
62,0.91132057,0.088679425
63,0.91132057,0.088679425
64,0.91132057,0.088679425
65,0.91132057,0.088679425
66,0.91132057,0.088679425
67,0.91132057,0.088679425
68,0.91132057,0.088679425
69,0.91132057,0.088679425
70,0.91132057,0.088679425
71,0.91132057,0.088679425
72,0.91132057,0.088679425
73,0.91132057,0.088679425
74,0.91132057,0.088679425
75,0.91132057,0.088679425
76,0.91132057,0.088679425
77,0.014393389,0.9856066
78,0.91132057,0.088679425
79,0.91132057,0.088679425
80,0.91132057,0.088679425
81,0.91132057,0.088679425
82,0.91132057,0.088679425
83,0.91132057,0.088679425
84,0.91132057,0.088679425
85,0.91132057,0.088679425
86,0.91132057,0.088679425
87,0.91132057,0.088679425
88,0.91132057,0.088679425
89,0.91132057,0.088679425
90,0.91132057,0.088679425
91,0.91132057,0.088679425
92,0.91132057,0.088679425
93,0.027941287,0.9720587
94,0.91132057,0.088679425
95,0.91132057,0.088679425
96,0.91132057,0.088679425
97,0.91132057,0.088679425
98,0.91132057,0.088679425
99,0.91132057,0.088679425
100,0.91132057,0.088679425
101,0.91132057,0.088679425
102,0.91132057,0.088679425
103,0.91132057,0.088679425
104,0.91132057,0.088679425
105,0.91132057,0.088679425
106,0.91132057,0.088679425
107,0.91132057,0.088679425
108,0.91132057,0.088679425
109,0.91132057,0.088679425
110,0.91132057,0.088679425
111,0.91132057,0.088679425
112,0.91132057,0.088679425
113,0.91132057,0.088679425
114,0.91132057,0.088679425
115,0.91132057,0.088679425
116,0.91132057,0.088679425
117,0.91132057,0.088679425
118,0.91132057,0.088679425
119,0.91132057,0.088679425
120,0.91132057,0.088679425
121,0.91132057,0.088679425
122,0.91132057,0.088679425
123,0.91132057,0.088679425
124,0.91132057,0.088679425
125,0.91132057,0.088679425
126,0.91132057,0.088679425
127,0.91132057,0.088679425
128,0.91132057,0.088679425
129,0.91132057,0.088679425
130,0.91132057,0.088679425
131,0.91132057,0.088679425
132,0.91132057,0.088679425
133,0.91132057,0.088679425
134,0.91132057,0.088679425
135,0.91132057,0.088679425
136,0.91132057,0.088679425
137,0.91132057,0.088679425
138,0.91132057,0.088679425
139,0.91132057,0.088679425
140,0.91132057,0.088679425
141,0.91132057,0.088679425
142,0.91132057,0.088679425
143,0.91132057,0.088679425
144,0.91132057,0.088679425
145,0.91132057,0.088679425
146,0.91132057,0.088679425
147,0.91132057,0.088679425
148,0.91132057,0.088679425
149,0.91132057,0.088679425
150,0.91132057,0.088679425
151,0.91132057,0.088679425
152,0.91132057,0.088679425
153,0.91132057,0.088679425
154,0.91132057,0.088679425
155,0.91132057,0.088679425
156,0.91132057,0.088679425
157,0.91132057,0.088679425
158,0.91132057,0.088679425
159,0.91132057,0.088679425
160,0.91132057,0.088679425
161,0.91132057,0.088679425
162,0.91132057,0.088679425
163,0.91132057,0.088679425
164,0.91132057,0.088679425
165,0.91132057,0.088679425
166,0.91132057,0.088679425
167,0.91132057,0.088679425
168,0.91132057,0.088679425
169,0.91132057,0.088679425
170,0.91132057,0.088679425
171,0.91132057,0.088679425
172,0.91132057,0.088679425
173,0.91132057,0.088679425
174,0.91132057,0.088679425
175,0.91132057,0.088679425
176,0.91132057,0.088679425
177,0.91132057,0.088679425
178,0.91132057,0.088679425
179,0.91132057,0.088679425
180,0.91132057,0.088679425
181,0.91132057,0.088679425
182,0.91132057,0.088679425
183,0.91132057,0.088679425
184,0.91132057,0.088679425
185,0.91132057,0.088679425
186,0.91132057,0.088679425
187,0.91132057,0.088679425
188,0.91132057,0.088679425
189,0.91132057,0.088679425
190,0.91132057,0.088679425
191,0.91132057,0.088679425
192,0.91132057,0.088679425
193,0.91132057,0.088679425
194,0.91132057,0.088679425
195,0.91132057,0.088679425
196,0.91132057,0.088679425
197,0.91132057,0.088679425
198,0.91132057,0.088679425
199,0.91132057,0.088679425
200,0.91132057,0.088679425
201,0.020668149,0.97933185
202,0.91132057,0.088679425
203,0.91132057,0.088679425
204,0.91132057,0.088679425
205,0.91132057,0.088679425
206,0.91132057,0.088679425
207,0.91132057,0.088679425
208,0.020668149,0.97933185
209,0.91132057,0.088679425
210,0.91132057,0.088679425
211,0.91132057,0.088679425
212,0.91132057,0.088679425
213,0.91132057,0.088679425
214,0.91132057,0.088679425
215,0.020668149,0.97933185
216,0.91132057,0.088679425
217,0.91132057,0.088679425
218,0.91132057,0.088679425
219,0.91132057,0.088679425
220,0.91132057,0.088679425
221,0.91132057,0.088679425
222,0.91132057,0.088679425
223,0.91132057,0.088679425
224,0.91132057,0.088679425
225,0.91132057,0.088679425
226,0.91132057,0.088679425
227,0.91132057,0.088679425
228,0.91132057,0.088679425
229,0.91132057,0.088679425
230,0.91132057,0.088679425
231,0.91132057,0.088679425
232,0.91132057,0.088679425
233,0.91132057,0.088679425
234,0.91132057,0.088679425
235,0.91132057,0.088679425
236,0.91132057,0.088679425
237,0.06241989,0.9375801
238,0.004788816,0.9952112
239,0.91132057,0.088679425
240,0.91132057,0.088679425
241,0.020133018,0.979867
242,0.91132057,0.088679425
243,0.91132057,0.088679425
244,0.91132057,0.088679425
245,0.91132057,0.088679425
246,0.91132057,0.088679425
247,0.91132057,0.088679425
248,0.91132057,0.088679425
249,0.91132057,0.088679425
250,0.91132057,0.088679425
251,0.91132057,0.088679425
252,0.91132057,0.088679425
253,0.91132057,0.088679425
254,0.91132057,0.088679425
255,0.91132057,0.088679425
256,0.91132057,0.088679425
257,0.91132057,0.088679425
258,0.91132057,0.088679425
259,0.91132057,0.088679425
260,0.91132057,0.088679425
261,0.91132057,0.088679425
262,0.91132057,0.088679425
263,0.91132057,0.088679425
264,0.91132057,0.088679425
265,0.91132057,0.088679425
266,0.91132057,0.088679425
267,0.91132057,0.088679425
268,0.91132057,0.088679425
269,0.91132057,0.088679425
270,0.91132057,0.088679425
271,0.91132057,0.088679425
272,0.91132057,0.088679425
273,0.91132057,0.088679425
274,0.91132057,0.088679425
275,0.91132057,0.088679425
276,0.91132057,0.088679425
277,0.91132057,0.088679425
278,0.91132057,0.088679425
279,0.91132057,0.088679425
280,0.91132057,0.088679425
281,0.91132057,0.088679425
282,0.91132057,0.088679425
283,0.91132057,0.088679425
284,0.91132057,0.088679425
285,0.91132057,0.088679425
286,0.91132057,0.088679425
287,0.91132057,0.088679425
288,0.91132057,0.088679425
289,0.91132057,0.088679425
290,0.91132057,0.088679425
291,0.91132057,0.088679425
292,0.91132057,0.088679425
293,0.91132057,0.088679425
294,0.91132057,0.088679425
295,0.91132057,0.088679425
296,0.91132057,0.088679425
297,0.91132057,0.088679425
298,0.91132057,0.088679425
299,0.91132057,0.088679425
300,0.91132057,0.088679425
301,0.91132057,0.088679425
302,0.91132057,0.088679425
303,0.91132057,0.088679425
304,0.91132057,0.088679425
305,0.91132057,0.088679425
306,0.91132057,0.088679425
307,0.91132057,0.088679425
308,0.91132057,0.088679425
309,0.91132057,0.088679425
310,0.91132057,0.088679425
311,0.91132057,0.088679425
312,0.91132057,0.088679425
313,0.91132057,0.088679425
314,0.91132057,0.088679425
315,0.91132057,0.088679425
316,0.91132057,0.088679425
317,0.91132057,0.088679425
318,0.91132057,0.088679425
319,0.91132057,0.088679425
320,0.91132057,0.088679425
321,0.91132057,0.088679425
322,0.91132057,0.088679425
323,0.91132057,0.088679425
324,0.91132057,0.088679425
325,0.91132057,0.088679425
326,0.91132057,0.088679425
327,0.91132057,0.088679425
328,0.91132057,0.088679425
329,0.91132057,0.088679425
330,0.91132057,0.088679425
331,0.91132057,0.088679425
332,0.91132057,0.088679425
333,0.91132057,0.088679425
334,0.91132057,0.088679425
335,0.91132057,0.088679425
336,0.91132057,0.088679425
337,0.014393389,0.9856066
338,0.91132057,0.088679425
339,0.91132057,0.088679425
340,0.91132057,0.088679425
341,0.91132057,0.088679425
342,0.91132057,0.088679425
343,0.91132057,0.088679425
344,0.91132057,0.088679425
345,0.91132057,0.088679425
346,0.91132057,0.088679425
347,0.91132057,0.088679425
348,0.91132057,0.088679425
349,0.91132057,0.088679425
350,0.91132057,0.088679425
351,0.91132057,0.088679425
352,0.91132057,0.088679425
353,0.91132057,0.088679425
354,0.0034552217,0.9965448
355,0.91132057,0.088679425
356,0.91132057,0.088679425
357,0.91132057,0.088679425
358,0.91132057,0.088679425
359,0.91132057,0.088679425
360,0.91132057,0.088679425
361,0.91132057,0.088679425
362,0.91132057,0.088679425
363,0.91132057,0.088679425
364,0.91132057,0.088679425
365,0.91132057,0.088679425
366,0.91132057,0.088679425
367,0.91132057,0.088679425
368,0.91132057,0.088679425
369,0.91132057,0.088679425
370,0.91132057,0.088679425
371,0.91132057,0.088679425
372,0.004788816,0.9952112
373,0.91132057,0.088679425
374,0.91132057,0.088679425
375,0.91132057,0.088679425
376,0.91132057,0.088679425
377,0.91132057,0.088679425
378,0.91132057,0.088679425
379,0.91132057,0.088679425
380,0.91132057,0.088679425
381,0.91132057,0.088679425
382,0.91132057,0.088679425
383,0.91132057,0.088679425
384,0.91132057,0.088679425
385,0.91132057,0.088679425
386,0.91132057,0.088679425
387,0.91132057,0.088679425
388,0.91132057,0.088679425
389,0.91132057,0.088679425
390,0.014393389,0.9856066
391,0.91132057,0.088679425
392,0.91132057,0.088679425
393,0.91132057,0.088679425
394,0.91132057,0.088679425
395,0.91132057,0.088679425
396,0.91132057,0.088679425
397,0.91132057,0.088679425
398,0.91132057,0.088679425
399,0.91132057,0.088679425
400,0.91132057,0.088679425
401,0.0035678148,0.9964322
402,0.91132057,0.088679425
403,0.91132057,0.088679425
404,0.91132057,0.088679425
405,0.004788816,0.9952112
406,0.91132057,0.088679425
407,0.91132057,0.088679425
408,0.91132057,0.088679425
409,0.91132057,0.088679425
410,0.91132057,0.088679425
411,0.91132057,0.088679425
412,0.91132057,0.088679425
413,0.91132057,0.088679425
414,0.91132057,0.088679425
415,0.91132057,0.088679425
416,0.020668149,0.97933185
417,0.91132057,0.088679425
418,0.014393389,0.9856066
419,0.91132057,0.088679425
420,0.91132057,0.088679425
421,0.91132057,0.088679425
422,0.91132057,0.088679425
423,0.91132057,0.088679425
424,0.91132057,0.088679425
425,0.91132057,0.088679425
426,0.91132057,0.088679425
427,0.91132057,0.088679425
428,0.91132057,0.088679425
429,0.020668149,0.97933185
430,0.91132057,0.088679425
431,0.91132057,0.088679425
432,0.91132057,0.088679425
433,0.91132057,0.088679425
434,0.91132057,0.088679425
435,0.91132057,0.088679425
436,0.91132057,0.088679425
437,0.91132057,0.088679425
438,0.91132057,0.088679425
439,0.91132057,0.088679425
440,0.91132057,0.088679425
441,0.91132057,0.088679425
442,0.91132057,0.088679425
443,0.91132057,0.088679425
444,0.91132057,0.088679425
445,0.91132057,0.088679425
446,0.91132057,0.088679425
447,0.91132057,0.088679425
448,0.91132057,0.088679425
449,0.91132057,0.088679425
450,0.91132057,0.088679425
451,0.91132057,0.088679425
452,0.91132057,0.088679425
453,0.91132057,0.088679425
454,0.91132057,0.088679425
455,0.91132057,0.088679425
456,0.91132057,0.088679425
457,0.91132057,0.088679425
458,0.91132057,0.088679425
459,0.91132057,0.088679425
460,0.91132057,0.088679425
461,0.91132057,0.088679425
462,0.91132057,0.088679425
463,0.91132057,0.088679425
464,0.91132057,0.088679425
465,0.06241989,0.9375801
466,0.91132057,0.088679425
467,0.91132057,0.088679425
468,0.91132057,0.088679425
469,0.91132057,0.088679425
470,0.91132057,0.088679425
471,0.91132057,0.088679425
472,0.91132057,0.088679425
473,0.91132057,0.088679425
474,0.91132057,0.088679425
475,0.91132057,0.088679425
476,0.91132057,0.088679425
477,0.91132057,0.088679425
478,0.91132057,0.088679425
479,0.91132057,0.088679425
480,0.91132057,0.088679425
481,0.91132057,0.088679425
482,0.91132057,0.088679425
483,0.91132057,0.088679425
484,0.91132057,0.088679425
485,0.91132057,0.088679425
486,0.91132057,0.088679425
487,0.0035678148,0.9964322
488,0.91132057,0.088679425
489,0.91132057,0.088679425
490,0.91132057,0.088679425
491,0.91132057,0.088679425
492,0.91132057,0.088679425
493,0.91132057,0.088679425
494,0.91132057,0.088679425
495,0.91132057,0.088679425
496,0.91132057,0.088679425
497,0.91132057,0.088679425
498,0.91132057,0.088679425
499,0.91132057,0.088679425
500,0.91132057,0.088679425
501,0.91132057,0.088679425
502,0.91132057,0.088679425
503,0.91132057,0.088679425
504,0.014393389,0.9856066
505,0.91132057,0.088679425
506,0.91132057,0.088679425
507,0.91132057,0.088679425
508,0.91132057,0.088679425
509,0.91132057,0.088679425
510,0.91132057,0.088679425
511,0.91132057,0.088679425
512,0.91132057,0.088679425
513,0.91132057,0.088679425
514,0.91132057,0.088679425
515,0.0035678148,0.9964322
516,0.91132057,0.088679425
517,0.91132057,0.088679425
518,0.91132057,0.088679425
519,0.91132057,0.088679425
520,0.91132057,0.088679425
521,0.91132057,0.088679425
522,0.91132057,0.088679425
523,0.91132057,0.088679425
524,0.91132057,0.088679425
525,0.91132057,0.088679425
526,0.0035678148,0.9964322
527,0.91132057,0.088679425
528,0.91132057,0.088679425
529,0.91132057,0.088679425
530,0.91132057,0.088679425
531,0.91132057,0.088679425
532,0.004788816,0.9952112
533,0.91132057,0.088679425
534,0.91132057,0.088679425
535,0.91132057,0.088679425
536,0.91132057,0.088679425
537,0.91132057,0.088679425
538,0.91132057,0.088679425
539,0.91132057,0.088679425
540,0.91132057,0.088679425
541,0.91132057,0.088679425
542,0.91132057,0.088679425
543,0.91132057,0.088679425
544,0.91132057,0.088679425
545,0.91132057,0.088679425
546,0.91132057,0.088679425
547,0.91132057,0.088679425
548,0.91132057,0.088679425
549,0.91132057,0.088679425
550,0.91132057,0.088679425
551,0.91132057,0.088679425
552,0.020668149,0.97933185
553,0.91132057,0.088679425
554,0.91132057,0.088679425
555,0.91132057,0.088679425
556,0.91132057,0.088679425
557,0.91132057,0.088679425
558,0.91132057,0.088679425
559,0.012223244,0.98777676
560,0.91132057,0.088679425
561,0.91132057,0.088679425
562,0.91132057,0.088679425
563,0.91132057,0.088679425
564,0.91132057,0.088679425
565,0.91132057,0.088679425
566,0.91132057,0.088679425
567,0.91132057,0.088679425
568,0.91132057,0.088679425
569,0.014393389,0.9856066
570,0.91132057,0.088679425
571,0.91132057,0.088679425
572,0.91132057,0.088679425
573,0.91132057,0.088679425
574,0.91132057,0.088679425
575,0.91132057,0.088679425
576,0.014393389,0.9856066
577,0.91132057,0.088679425
578,0.91132057,0.088679425
579,0.91132057,0.088679425
580,0.91132057,0.088679425
581,0.91132057,0.088679425
582,0.91132057,0.088679425
583,0.91132057,0.088679425
584,0.91132057,0.088679425
585,0.91132057,0.088679425
586,0.91132057,0.088679425
587,0.91132057,0.088679425
588,0.004788816,0.9952112
589,0.91132057,0.088679425
590,0.91132057,0.088679425
591,0.91132057,0.088679425
592,0.91132057,0.088679425
593,0.91132057,0.088679425
594,0.91132057,0.088679425
595,0.91132057,0.088679425
596,0.91132057,0.088679425
597,0.91132057,0.088679425
598,0.91132057,0.088679425
599,0.91132057,0.088679425
600,0.91132057,0.088679425
601,0.91132057,0.088679425
602,0.91132057,0.088679425
603,0.91132057,0.088679425
604,0.91132057,0.088679425
605,0.91132057,0.088679425
606,0.91132057,0.088679425
607,0.0035678148,0.9964322
608,0.91132057,0.088679425
609,0.91132057,0.088679425
610,0.91132057,0.088679425
611,0.91132057,0.088679425
612,0.91132057,0.088679425
613,0.91132057,0.088679425
614,0.91132057,0.088679425
615,0.91132057,0.088679425
616,0.91132057,0.088679425
617,0.91132057,0.088679425
618,0.91132057,0.088679425
619,0.91132057,0.088679425
620,0.91132057,0.088679425
621,0.91132057,0.088679425
622,0.91132057,0.088679425
623,0.91132057,0.088679425
624,0.91132057,0.088679425
625,0.91132057,0.088679425
626,0.91132057,0.088679425
627,0.91132057,0.088679425
628,0.91132057,0.088679425
629,0.91132057,0.088679425
630,0.91132057,0.088679425
631,0.004788816,0.9952112
632,0.91132057,0.088679425
633,0.91132057,0.088679425
634,0.91132057,0.088679425
635,0.91132057,0.088679425
636,0.91132057,0.088679425
637,0.91132057,0.088679425
638,0.91132057,0.088679425
639,0.91132057,0.088679425
640,0.91132057,0.088679425
641,0.91132057,0.088679425
642,0.91132057,0.088679425
643,0.91132057,0.088679425
644,0.91132057,0.088679425
645,0.91132057,0.088679425
646,0.91132057,0.088679425
647,0.91132057,0.088679425
648,0.91132057,0.088679425
649,0.91132057,0.088679425
650,0.91132057,0.088679425
651,0.91132057,0.088679425
652,0.91132057,0.088679425
653,0.91132057,0.088679425
654,0.91132057,0.088679425
655,0.91132057,0.088679425
656,0.91132057,0.088679425
657,0.91132057,0.088679425
658,0.91132057,0.088679425
659,0.91132057,0.088679425
660,0.91132057,0.088679425
661,0.91132057,0.088679425
662,0.91132057,0.088679425
663,0.91132057,0.088679425
664,0.91132057,0.088679425
665,0.91132057,0.088679425
666,0.91132057,0.088679425
667,0.91132057,0.088679425
668,0.0035678148,0.9964322
669,0.91132057,0.088679425
670,0.91132057,0.088679425
671,0.91132057,0.088679425
672,0.91132057,0.088679425
673,0.027941287,0.9720587
674,0.91132057,0.088679425
675,0.91132057,0.088679425
676,0.91132057,0.088679425
677,0.91132057,0.088679425
678,0.91132057,0.088679425
679,0.91132057,0.088679425
680,0.91132057,0.088679425
681,0.91132057,0.088679425
682,0.91132057,0.088679425
683,0.06241989,0.9375801
684,0.91132057,0.088679425
685,0.91132057,0.088679425
686,0.91132057,0.088679425
687,0.91132057,0.088679425
688,0.91132057,0.088679425
689,0.91132057,0.088679425
690,0.91132057,0.088679425
691,0.91132057,0.088679425
692,0.91132057,0.088679425
693,0.91132057,0.088679425
694,0.91132057,0.088679425
695,0.91132057,0.088679425
696,0.91132057,0.088679425
697,0.91132057,0.088679425
698,0.02646029,0.9735397
699,0.91132057,0.088679425
700,0.91132057,0.088679425
701,0.91132057,0.088679425
702,0.91132057,0.088679425
703,0.91132057,0.088679425
704,0.91132057,0.088679425
705,0.91132057,0.088679425
706,0.91132057,0.088679425
707,0.91132057,0.088679425
708,0.91132057,0.088679425
709,0.91132057,0.088679425
710,0.91132057,0.088679425
711,0.91132057,0.088679425
712,0.91132057,0.088679425
713,0.91132057,0.088679425
714,0.91132057,0.088679425
715,0.91132057,0.088679425
716,0.014393389,0.9856066
717,0.91132057,0.088679425
718,0.91132057,0.088679425
719,0.91132057,0.088679425
720,0.91132057,0.088679425
721,0.91132057,0.088679425
722,0.91132057,0.088679425
723,0.91132057,0.088679425
724,0.91132057,0.088679425
725,0.91132057,0.088679425
726,0.91132057,0.088679425
727,0.91132057,0.088679425
728,0.91132057,0.088679425
729,0.91132057,0.088679425
730,0.91132057,0.088679425
731,0.91132057,0.088679425
732,0.91132057,0.088679425
733,0.91132057,0.088679425
734,0.91132057,0.088679425
735,0.91132057,0.088679425
736,0.91132057,0.088679425
737,0.91132057,0.088679425
738,0.91132057,0.088679425
739,0.91132057,0.088679425
740,0.91132057,0.088679425
741,0.91132057,0.088679425
742,0.91132057,0.088679425
743,0.91132057,0.088679425
744,0.91132057,0.088679425
745,0.91132057,0.088679425
746,0.91132057,0.088679425
747,0.014393389,0.9856066
748,0.91132057,0.088679425
749,0.91132057,0.088679425
750,0.91132057,0.088679425
751,0.020133018,0.979867
752,0.91132057,0.088679425
753,0.91132057,0.088679425
754,0.91132057,0.088679425
755,0.91132057,0.088679425
756,0.91132057,0.088679425
757,0.91132057,0.088679425
758,0.91132057,0.088679425
759,0.91132057,0.088679425
760,0.91132057,0.088679425
761,0.91132057,0.088679425
762,0.91132057,0.088679425
763,0.91132057,0.088679425
764,0.91132057,0.088679425
765,0.91132057,0.088679425
766,0.91132057,0.088679425
767,0.91132057,0.088679425
768,0.91132057,0.088679425
769,0.91132057,0.088679425
770,0.91132057,0.088679425
771,0.91132057,0.088679425
772,0.91132057,0.088679425
773,0.91132057,0.088679425
774,0.91132057,0.088679425
775,0.91132057,0.088679425
776,0.91132057,0.088679425
777,0.91132057,0.088679425
778,0.91132057,0.088679425
779,0.91132057,0.088679425
780,0.91132057,0.088679425
781,0.91132057,0.088679425
782,0.91132057,0.088679425
783,0.91132057,0.088679425
784,0.91132057,0.088679425
785,0.91132057,0.088679425
786,0.91132057,0.088679425
787,0.91132057,0.088679425
788,0.91132057,0.088679425
789,0.91132057,0.088679425
790,0.91132057,0.088679425
791,0.91132057,0.088679425
792,0.91132057,0.088679425
793,0.91132057,0.088679425
794,0.91132057,0.088679425
795,0.02646029,0.9735397
796,0.91132057,0.088679425
797,0.004788816,0.9952112
798,0.91132057,0.088679425
799,0.91132057,0.088679425
800,0.91132057,0.088679425
801,0.91132057,0.088679425
802,0.91132057,0.088679425
803,0.91132057,0.088679425
804,0.91132057,0.088679425
805,0.91132057,0.088679425
806,0.91132057,0.088679425
807,0.91132057,0.088679425
808,0.91132057,0.088679425
809,0.91132057,0.088679425
810,0.91132057,0.088679425
811,0.91132057,0.088679425
812,0.91132057,0.088679425
813,0.91132057,0.088679425
814,0.91132057,0.088679425
815,0.91132057,0.088679425
816,0.91132057,0.088679425
817,0.91132057,0.088679425
818,0.91132057,0.088679425
819,0.91132057,0.088679425
820,0.91132057,0.088679425
821,0.91132057,0.088679425
822,0.02646029,0.9735397
823,0.91132057,0.088679425
824,0.91132057,0.088679425
825,0.91132057,0.088679425
826,0.91132057,0.088679425
827,0.91132057,0.088679425
828,0.91132057,0.088679425
829,0.91132057,0.088679425
830,0.91132057,0.088679425
831,0.91132057,0.088679425
832,0.91132057,0.088679425
833,0.91132057,0.088679425
834,0.91132057,0.088679425
835,0.91132057,0.088679425
836,0.91132057,0.088679425
837,0.0035678148,0.9964322
838,0.91132057,0.088679425
839,0.91132057,0.088679425
840,0.91132057,0.088679425
841,0.91132057,0.088679425
842,0.91132057,0.088679425
843,0.91132057,0.088679425
844,0.91132057,0.088679425
845,0.91132057,0.088679425
846,0.91132057,0.088679425
847,0.0034552217,0.9965448
848,0.91132057,0.088679425
849,0.91132057,0.088679425
850,0.91132057,0.088679425
851,0.91132057,0.088679425
852,0.91132057,0.088679425
853,0.91132057,0.088679425
854,0.91132057,0.088679425
855,0.91132057,0.088679425
856,0.91132057,0.088679425
857,0.91132057,0.088679425
858,0.91132057,0.088679425
859,0.91132057,0.088679425
860,0.91132057,0.088679425
861,0.91132057,0.088679425
862,0.91132057,0.088679425
863,0.91132057,0.088679425
864,0.91132057,0.088679425
865,0.91132057,0.088679425
866,0.91132057,0.088679425
867,0.91132057,0.088679425
868,0.91132057,0.088679425
869,0.91132057,0.088679425
870,0.91132057,0.088679425
871,0.91132057,0.088679425
872,0.91132057,0.088679425
873,0.91132057,0.088679425
874,0.91132057,0.088679425
875,0.91132057,0.088679425
876,0.91132057,0.088679425
877,0.014393389,0.9856066
878,0.014393389,0.9856066
879,0.91132057,0.088679425
880,0.91132057,0.088679425
881,0.91132057,0.088679425
882,0.91132057,0.088679425
883,0.91132057,0.088679425
884,0.91132057,0.088679425
885,0.91132057,0.088679425
886,0.91132057,0.088679425
887,0.91132057,0.088679425
888,0.91132057,0.088679425
889,0.91132057,0.088679425
890,0.91132057,0.088679425
891,0.91132057,0.088679425
892,0.91132057,0.088679425
893,0.91132057,0.088679425
894,0.91132057,0.088679425
895,0.91132057,0.088679425
896,0.91132057,0.088679425
897,0.91132057,0.088679425
898,0.91132057,0.088679425
899,0.91132057,0.088679425
900,0.91132057,0.088679425
901,0.91132057,0.088679425
902,0.91132057,0.088679425
903,0.91132057,0.088679425
904,0.91132057,0.088679425
905,0.91132057,0.088679425
906,0.91132057,0.088679425
907,0.91132057,0.088679425
908,0.91132057,0.088679425
909,0.91132057,0.088679425
910,0.91132057,0.088679425
911,0.91132057,0.088679425
912,0.91132057,0.088679425
913,0.91132057,0.088679425
914,0.91132057,0.088679425
