,0,1
0,0.90599406,0.09400596
1,0.90599406,0.09400596
2,0.90599406,0.09400596
3,0.90599406,0.09400596
4,0.014368653,0.98563135
5,0.90599406,0.09400596
6,0.90599406,0.09400596
7,0.90599406,0.09400596
8,0.90599406,0.09400596
9,0.90599406,0.09400596
10,0.90599406,0.09400596
11,0.90599406,0.09400596
12,0.90599406,0.09400596
13,0.90599406,0.09400596
14,0.90599406,0.09400596
15,0.90599406,0.09400596
16,0.90599406,0.09400596
17,0.90599406,0.09400596
18,0.90599406,0.09400596
19,0.90599406,0.09400596
20,0.90599406,0.09400596
21,0.90599406,0.09400596
22,0.90599406,0.09400596
23,0.90599406,0.09400596
24,0.90599406,0.09400596
25,0.90599406,0.09400596
26,0.90599406,0.09400596
27,0.90599406,0.09400596
28,0.90599406,0.09400596
29,0.90599406,0.09400596
30,0.90599406,0.09400596
31,0.90599406,0.09400596
32,0.90599406,0.09400596
33,0.90599406,0.09400596
34,0.90599406,0.09400596
35,0.90599406,0.09400596
36,0.90599406,0.09400596
37,0.90599406,0.09400596
38,0.90599406,0.09400596
39,0.90599406,0.09400596
40,0.90599406,0.09400596
41,0.90599406,0.09400596
42,0.90599406,0.09400596
43,0.90599406,0.09400596
44,0.90599406,0.09400596
45,0.90599406,0.09400596
46,0.90599406,0.09400596
47,0.90599406,0.09400596
48,0.90599406,0.09400596
49,0.90599406,0.09400596
50,0.90599406,0.09400596
51,0.90599406,0.09400596
52,0.90599406,0.09400596
53,0.90599406,0.09400596
54,0.90599406,0.09400596
55,0.90599406,0.09400596
56,0.90599406,0.09400596
57,0.90599406,0.09400596
58,0.90599406,0.09400596
59,0.014368653,0.98563135
60,0.90599406,0.09400596
61,0.90599406,0.09400596
62,0.90599406,0.09400596
63,0.90599406,0.09400596
64,0.90599406,0.09400596
65,0.90599406,0.09400596
66,0.90599406,0.09400596
67,0.90599406,0.09400596
68,0.90599406,0.09400596
69,0.90599406,0.09400596
70,0.90599406,0.09400596
71,0.90599406,0.09400596
72,0.90599406,0.09400596
73,0.90599406,0.09400596
74,0.90599406,0.09400596
75,0.90599406,0.09400596
76,0.90599406,0.09400596
77,0.014368653,0.98563135
78,0.90599406,0.09400596
79,0.90599406,0.09400596
80,0.90599406,0.09400596
81,0.90599406,0.09400596
82,0.90599406,0.09400596
83,0.90599406,0.09400596
84,0.90599406,0.09400596
85,0.90599406,0.09400596
86,0.90599406,0.09400596
87,0.90599406,0.09400596
88,0.90599406,0.09400596
89,0.90599406,0.09400596
90,0.90599406,0.09400596
91,0.90599406,0.09400596
92,0.90599406,0.09400596
93,0.021263361,0.97873664
94,0.90599406,0.09400596
95,0.90599406,0.09400596
96,0.90599406,0.09400596
97,0.90599406,0.09400596
98,0.90599406,0.09400596
99,0.90599406,0.09400596
100,0.90599406,0.09400596
101,0.90599406,0.09400596
102,0.90599406,0.09400596
103,0.90599406,0.09400596
104,0.90599406,0.09400596
105,0.90599406,0.09400596
106,0.90599406,0.09400596
107,0.90599406,0.09400596
108,0.90599406,0.09400596
109,0.90599406,0.09400596
110,0.90599406,0.09400596
111,0.90599406,0.09400596
112,0.90599406,0.09400596
113,0.90599406,0.09400596
114,0.90599406,0.09400596
115,0.90599406,0.09400596
116,0.90599406,0.09400596
117,0.90599406,0.09400596
118,0.90599406,0.09400596
119,0.90599406,0.09400596
120,0.90599406,0.09400596
121,0.90599406,0.09400596
122,0.90599406,0.09400596
123,0.90599406,0.09400596
124,0.90599406,0.09400596
125,0.90599406,0.09400596
126,0.90599406,0.09400596
127,0.90599406,0.09400596
128,0.90599406,0.09400596
129,0.90599406,0.09400596
130,0.90599406,0.09400596
131,0.90599406,0.09400596
132,0.90599406,0.09400596
133,0.90599406,0.09400596
134,0.90599406,0.09400596
135,0.90599406,0.09400596
136,0.90599406,0.09400596
137,0.90599406,0.09400596
138,0.90599406,0.09400596
139,0.90599406,0.09400596
140,0.90599406,0.09400596
141,0.90599406,0.09400596
142,0.90599406,0.09400596
143,0.90599406,0.09400596
144,0.90599406,0.09400596
145,0.90599406,0.09400596
146,0.90599406,0.09400596
147,0.90599406,0.09400596
148,0.90599406,0.09400596
149,0.90599406,0.09400596
150,0.90599406,0.09400596
151,0.90599406,0.09400596
152,0.90599406,0.09400596
153,0.90599406,0.09400596
154,0.90599406,0.09400596
155,0.90599406,0.09400596
156,0.90599406,0.09400596
157,0.90599406,0.09400596
158,0.90599406,0.09400596
159,0.90599406,0.09400596
160,0.90599406,0.09400596
161,0.90599406,0.09400596
162,0.90599406,0.09400596
163,0.90599406,0.09400596
164,0.90599406,0.09400596
165,0.90599406,0.09400596
166,0.90599406,0.09400596
167,0.90599406,0.09400596
168,0.90599406,0.09400596
169,0.90599406,0.09400596
170,0.90599406,0.09400596
171,0.90599406,0.09400596
172,0.90599406,0.09400596
173,0.90599406,0.09400596
174,0.90599406,0.09400596
175,0.90599406,0.09400596
176,0.90599406,0.09400596
177,0.90599406,0.09400596
178,0.90599406,0.09400596
179,0.90599406,0.09400596
180,0.90599406,0.09400596
181,0.90599406,0.09400596
182,0.90599406,0.09400596
183,0.90599406,0.09400596
184,0.90599406,0.09400596
185,0.90599406,0.09400596
186,0.90599406,0.09400596
187,0.90599406,0.09400596
188,0.90599406,0.09400596
189,0.90599406,0.09400596
190,0.90599406,0.09400596
191,0.90599406,0.09400596
192,0.90599406,0.09400596
193,0.90599406,0.09400596
194,0.90599406,0.09400596
195,0.90599406,0.09400596
196,0.90599406,0.09400596
197,0.90599406,0.09400596
198,0.90599406,0.09400596
199,0.90599406,0.09400596
200,0.90599406,0.09400596
201,0.02001661,0.9799834
202,0.90599406,0.09400596
203,0.90599406,0.09400596
204,0.90599406,0.09400596
205,0.90599406,0.09400596
206,0.90599406,0.09400596
207,0.90599406,0.09400596
208,0.02001661,0.9799834
209,0.90599406,0.09400596
210,0.90599406,0.09400596
211,0.90599406,0.09400596
212,0.90599406,0.09400596
213,0.90599406,0.09400596
214,0.90599406,0.09400596
215,0.02001661,0.9799834
216,0.90599406,0.09400596
217,0.90599406,0.09400596
218,0.90599406,0.09400596
219,0.90599406,0.09400596
220,0.90599406,0.09400596
221,0.90599406,0.09400596
222,0.90599406,0.09400596
223,0.90599406,0.09400596
224,0.90599406,0.09400596
225,0.90599406,0.09400596
226,0.90599406,0.09400596
227,0.90599406,0.09400596
228,0.90599406,0.09400596
229,0.90599406,0.09400596
230,0.90599406,0.09400596
231,0.90599406,0.09400596
232,0.90599406,0.09400596
233,0.90599406,0.09400596
234,0.90599406,0.09400596
235,0.90599406,0.09400596
236,0.90599406,0.09400596
237,0.90599406,0.09400596
238,0.0047151446,0.99528486
239,0.90599406,0.09400596
240,0.90599406,0.09400596
241,0.02001661,0.9799834
242,0.90599406,0.09400596
243,0.90599406,0.09400596
244,0.90599406,0.09400596
245,0.90599406,0.09400596
246,0.90599406,0.09400596
247,0.90599406,0.09400596
248,0.90599406,0.09400596
249,0.90599406,0.09400596
250,0.90599406,0.09400596
251,0.90599406,0.09400596
252,0.90599406,0.09400596
253,0.90599406,0.09400596
254,0.90599406,0.09400596
255,0.90599406,0.09400596
256,0.90599406,0.09400596
257,0.90599406,0.09400596
258,0.90599406,0.09400596
259,0.90599406,0.09400596
260,0.90599406,0.09400596
261,0.90599406,0.09400596
262,0.90599406,0.09400596
263,0.90599406,0.09400596
264,0.90599406,0.09400596
265,0.90599406,0.09400596
266,0.90599406,0.09400596
267,0.90599406,0.09400596
268,0.90599406,0.09400596
269,0.90599406,0.09400596
270,0.90599406,0.09400596
271,0.90599406,0.09400596
272,0.90599406,0.09400596
273,0.90599406,0.09400596
274,0.90599406,0.09400596
275,0.90599406,0.09400596
276,0.90599406,0.09400596
277,0.052773,0.947227
278,0.90599406,0.09400596
279,0.90599406,0.09400596
280,0.90599406,0.09400596
281,0.90599406,0.09400596
282,0.90599406,0.09400596
283,0.90599406,0.09400596
284,0.90599406,0.09400596
285,0.90599406,0.09400596
286,0.90599406,0.09400596
287,0.90599406,0.09400596
288,0.90599406,0.09400596
289,0.90599406,0.09400596
290,0.90599406,0.09400596
291,0.90599406,0.09400596
292,0.90599406,0.09400596
293,0.90599406,0.09400596
294,0.90599406,0.09400596
295,0.90599406,0.09400596
296,0.90599406,0.09400596
297,0.90599406,0.09400596
298,0.90599406,0.09400596
299,0.90599406,0.09400596
300,0.90599406,0.09400596
301,0.90599406,0.09400596
302,0.90599406,0.09400596
303,0.90599406,0.09400596
304,0.90599406,0.09400596
305,0.90599406,0.09400596
306,0.90599406,0.09400596
307,0.90599406,0.09400596
308,0.90599406,0.09400596
309,0.90599406,0.09400596
310,0.90599406,0.09400596
311,0.90599406,0.09400596
312,0.90599406,0.09400596
313,0.90599406,0.09400596
314,0.90599406,0.09400596
315,0.90599406,0.09400596
316,0.90599406,0.09400596
317,0.90599406,0.09400596
318,0.90599406,0.09400596
319,0.90599406,0.09400596
320,0.90599406,0.09400596
321,0.90599406,0.09400596
322,0.90599406,0.09400596
323,0.90599406,0.09400596
324,0.90599406,0.09400596
325,0.90599406,0.09400596
326,0.90599406,0.09400596
327,0.90599406,0.09400596
328,0.90599406,0.09400596
329,0.90599406,0.09400596
330,0.90599406,0.09400596
331,0.90599406,0.09400596
332,0.90599406,0.09400596
333,0.90599406,0.09400596
334,0.90599406,0.09400596
335,0.90599406,0.09400596
336,0.90599406,0.09400596
337,0.014368653,0.98563135
338,0.90599406,0.09400596
339,0.90599406,0.09400596
340,0.90599406,0.09400596
341,0.90599406,0.09400596
342,0.90599406,0.09400596
343,0.90599406,0.09400596
344,0.90599406,0.09400596
345,0.90599406,0.09400596
346,0.90599406,0.09400596
347,0.90599406,0.09400596
348,0.90599406,0.09400596
349,0.90599406,0.09400596
350,0.90599406,0.09400596
351,0.90599406,0.09400596
352,0.90599406,0.09400596
353,0.90599406,0.09400596
354,0.0033944845,0.9966055
355,0.90599406,0.09400596
356,0.90599406,0.09400596
357,0.90599406,0.09400596
358,0.90599406,0.09400596
359,0.90599406,0.09400596
360,0.90599406,0.09400596
361,0.90599406,0.09400596
362,0.90599406,0.09400596
363,0.90599406,0.09400596
364,0.90599406,0.09400596
365,0.90599406,0.09400596
366,0.90599406,0.09400596
367,0.90599406,0.09400596
368,0.90599406,0.09400596
369,0.90599406,0.09400596
370,0.90599406,0.09400596
371,0.90599406,0.09400596
372,0.0047151446,0.99528486
373,0.90599406,0.09400596
374,0.90599406,0.09400596
375,0.90599406,0.09400596
376,0.90599406,0.09400596
377,0.90599406,0.09400596
378,0.90599406,0.09400596
379,0.90599406,0.09400596
380,0.90599406,0.09400596
381,0.90599406,0.09400596
382,0.90599406,0.09400596
383,0.90599406,0.09400596
384,0.90599406,0.09400596
385,0.90599406,0.09400596
386,0.90599406,0.09400596
387,0.90599406,0.09400596
388,0.90599406,0.09400596
389,0.90599406,0.09400596
390,0.014368653,0.98563135
391,0.90599406,0.09400596
392,0.90599406,0.09400596
393,0.90599406,0.09400596
394,0.052773,0.947227
395,0.90599406,0.09400596
396,0.90599406,0.09400596
397,0.90599406,0.09400596
398,0.90599406,0.09400596
399,0.90599406,0.09400596
400,0.90599406,0.09400596
401,0.0047151446,0.99528486
402,0.90599406,0.09400596
403,0.90599406,0.09400596
404,0.90599406,0.09400596
405,0.0047151446,0.99528486
406,0.90599406,0.09400596
407,0.90599406,0.09400596
408,0.90599406,0.09400596
409,0.90599406,0.09400596
410,0.90599406,0.09400596
411,0.90599406,0.09400596
412,0.90599406,0.09400596
413,0.90599406,0.09400596
414,0.90599406,0.09400596
415,0.90599406,0.09400596
416,0.02001661,0.9799834
417,0.90599406,0.09400596
418,0.014368653,0.98563135
419,0.90599406,0.09400596
420,0.90599406,0.09400596
421,0.90599406,0.09400596
422,0.90599406,0.09400596
423,0.90599406,0.09400596
424,0.90599406,0.09400596
425,0.90599406,0.09400596
426,0.90599406,0.09400596
427,0.90599406,0.09400596
428,0.90599406,0.09400596
429,0.02001661,0.9799834
430,0.90599406,0.09400596
431,0.90599406,0.09400596
432,0.90599406,0.09400596
433,0.90599406,0.09400596
434,0.90599406,0.09400596
435,0.90599406,0.09400596
436,0.90599406,0.09400596
437,0.90599406,0.09400596
438,0.90599406,0.09400596
439,0.90599406,0.09400596
440,0.90599406,0.09400596
441,0.90599406,0.09400596
442,0.90599406,0.09400596
443,0.90599406,0.09400596
444,0.90599406,0.09400596
445,0.90599406,0.09400596
446,0.90599406,0.09400596
447,0.90599406,0.09400596
448,0.90599406,0.09400596
449,0.90599406,0.09400596
450,0.90599406,0.09400596
451,0.90599406,0.09400596
452,0.90599406,0.09400596
453,0.90599406,0.09400596
454,0.90599406,0.09400596
455,0.90599406,0.09400596
456,0.90599406,0.09400596
457,0.90599406,0.09400596
458,0.90599406,0.09400596
459,0.90599406,0.09400596
460,0.90599406,0.09400596
461,0.90599406,0.09400596
462,0.90599406,0.09400596
463,0.90599406,0.09400596
464,0.90599406,0.09400596
465,0.90599406,0.09400596
466,0.90599406,0.09400596
467,0.90599406,0.09400596
468,0.90599406,0.09400596
469,0.90599406,0.09400596
470,0.90599406,0.09400596
471,0.90599406,0.09400596
472,0.90599406,0.09400596
473,0.90599406,0.09400596
474,0.90599406,0.09400596
475,0.90599406,0.09400596
476,0.90599406,0.09400596
477,0.90599406,0.09400596
478,0.90599406,0.09400596
479,0.90599406,0.09400596
480,0.90599406,0.09400596
481,0.90599406,0.09400596
482,0.90599406,0.09400596
483,0.90599406,0.09400596
484,0.90599406,0.09400596
485,0.90599406,0.09400596
486,0.90599406,0.09400596
487,0.0047151446,0.99528486
488,0.90599406,0.09400596
489,0.90599406,0.09400596
490,0.90599406,0.09400596
491,0.90599406,0.09400596
492,0.90599406,0.09400596
493,0.90599406,0.09400596
494,0.90599406,0.09400596
495,0.90599406,0.09400596
496,0.90599406,0.09400596
497,0.90599406,0.09400596
498,0.90599406,0.09400596
499,0.90599406,0.09400596
500,0.90599406,0.09400596
501,0.90599406,0.09400596
502,0.90599406,0.09400596
503,0.90599406,0.09400596
504,0.014368653,0.98563135
505,0.90599406,0.09400596
506,0.90599406,0.09400596
507,0.90599406,0.09400596
508,0.90599406,0.09400596
509,0.90599406,0.09400596
510,0.90599406,0.09400596
511,0.90599406,0.09400596
512,0.90599406,0.09400596
513,0.90599406,0.09400596
514,0.90599406,0.09400596
515,0.0047151446,0.99528486
516,0.90599406,0.09400596
517,0.90599406,0.09400596
518,0.90599406,0.09400596
519,0.90599406,0.09400596
520,0.90599406,0.09400596
521,0.90599406,0.09400596
522,0.90599406,0.09400596
523,0.90599406,0.09400596
524,0.90599406,0.09400596
525,0.90599406,0.09400596
526,0.0047151446,0.99528486
527,0.90599406,0.09400596
528,0.90599406,0.09400596
529,0.90599406,0.09400596
530,0.90599406,0.09400596
531,0.90599406,0.09400596
532,0.0047151446,0.99528486
533,0.90599406,0.09400596
534,0.90599406,0.09400596
535,0.90599406,0.09400596
536,0.90599406,0.09400596
537,0.90599406,0.09400596
538,0.90599406,0.09400596
539,0.90599406,0.09400596
540,0.90599406,0.09400596
541,0.90599406,0.09400596
542,0.90599406,0.09400596
543,0.90599406,0.09400596
544,0.90599406,0.09400596
545,0.90599406,0.09400596
546,0.90599406,0.09400596
547,0.90599406,0.09400596
548,0.90599406,0.09400596
549,0.90599406,0.09400596
550,0.90599406,0.09400596
551,0.90599406,0.09400596
552,0.02001661,0.9799834
553,0.90599406,0.09400596
554,0.90599406,0.09400596
555,0.90599406,0.09400596
556,0.90599406,0.09400596
557,0.90599406,0.09400596
558,0.90599406,0.09400596
559,0.014368653,0.98563135
560,0.052773,0.947227
561,0.90599406,0.09400596
562,0.90599406,0.09400596
563,0.90599406,0.09400596
564,0.90599406,0.09400596
565,0.90599406,0.09400596
566,0.90599406,0.09400596
567,0.90599406,0.09400596
568,0.90599406,0.09400596
569,0.014368653,0.98563135
570,0.90599406,0.09400596
571,0.90599406,0.09400596
572,0.90599406,0.09400596
573,0.90599406,0.09400596
574,0.90599406,0.09400596
575,0.90599406,0.09400596
576,0.014368653,0.98563135
577,0.90599406,0.09400596
578,0.90599406,0.09400596
579,0.90599406,0.09400596
580,0.90599406,0.09400596
581,0.90599406,0.09400596
582,0.90599406,0.09400596
583,0.90599406,0.09400596
584,0.90599406,0.09400596
585,0.90599406,0.09400596
586,0.90599406,0.09400596
587,0.90599406,0.09400596
588,0.0047151446,0.99528486
589,0.90599406,0.09400596
590,0.90599406,0.09400596
591,0.90599406,0.09400596
592,0.90599406,0.09400596
593,0.90599406,0.09400596
594,0.90599406,0.09400596
595,0.90599406,0.09400596
596,0.90599406,0.09400596
597,0.90599406,0.09400596
598,0.90599406,0.09400596
599,0.90599406,0.09400596
600,0.90599406,0.09400596
601,0.90599406,0.09400596
602,0.90599406,0.09400596
603,0.90599406,0.09400596
604,0.90599406,0.09400596
605,0.90599406,0.09400596
606,0.90599406,0.09400596
607,0.0047151446,0.99528486
608,0.90599406,0.09400596
609,0.90599406,0.09400596
610,0.90599406,0.09400596
611,0.90599406,0.09400596
612,0.90599406,0.09400596
613,0.90599406,0.09400596
614,0.90599406,0.09400596
615,0.90599406,0.09400596
616,0.90599406,0.09400596
617,0.90599406,0.09400596
618,0.90599406,0.09400596
619,0.90599406,0.09400596
620,0.90599406,0.09400596
621,0.90599406,0.09400596
622,0.90599406,0.09400596
623,0.90599406,0.09400596
624,0.90599406,0.09400596
625,0.90599406,0.09400596
626,0.90599406,0.09400596
627,0.90599406,0.09400596
628,0.90599406,0.09400596
629,0.90599406,0.09400596
630,0.90599406,0.09400596
631,0.0047151446,0.99528486
632,0.90599406,0.09400596
633,0.90599406,0.09400596
634,0.90599406,0.09400596
635,0.90599406,0.09400596
636,0.90599406,0.09400596
637,0.90599406,0.09400596
638,0.90599406,0.09400596
639,0.90599406,0.09400596
640,0.90599406,0.09400596
641,0.90599406,0.09400596
642,0.90599406,0.09400596
643,0.90599406,0.09400596
644,0.90599406,0.09400596
645,0.90599406,0.09400596
646,0.90599406,0.09400596
647,0.90599406,0.09400596
648,0.90599406,0.09400596
649,0.90599406,0.09400596
650,0.90599406,0.09400596
651,0.90599406,0.09400596
652,0.90599406,0.09400596
653,0.90599406,0.09400596
654,0.90599406,0.09400596
655,0.90599406,0.09400596
656,0.90599406,0.09400596
657,0.90599406,0.09400596
658,0.90599406,0.09400596
659,0.90599406,0.09400596
660,0.90599406,0.09400596
661,0.90599406,0.09400596
662,0.90599406,0.09400596
663,0.90599406,0.09400596
664,0.90599406,0.09400596
665,0.90599406,0.09400596
666,0.90599406,0.09400596
667,0.90599406,0.09400596
668,0.0047151446,0.99528486
669,0.90599406,0.09400596
670,0.90599406,0.09400596
671,0.90599406,0.09400596
672,0.90599406,0.09400596
673,0.021263361,0.97873664
674,0.90599406,0.09400596
675,0.90599406,0.09400596
676,0.90599406,0.09400596
677,0.90599406,0.09400596
678,0.90599406,0.09400596
679,0.90599406,0.09400596
680,0.90599406,0.09400596
681,0.90599406,0.09400596
682,0.90599406,0.09400596
683,0.90599406,0.09400596
684,0.90599406,0.09400596
685,0.90599406,0.09400596
686,0.90599406,0.09400596
687,0.90599406,0.09400596
688,0.90599406,0.09400596
689,0.90599406,0.09400596
690,0.90599406,0.09400596
691,0.90599406,0.09400596
692,0.90599406,0.09400596
693,0.90599406,0.09400596
694,0.90599406,0.09400596
695,0.90599406,0.09400596
696,0.90599406,0.09400596
697,0.90599406,0.09400596
698,0.052773,0.947227
699,0.90599406,0.09400596
700,0.90599406,0.09400596
701,0.90599406,0.09400596
702,0.90599406,0.09400596
703,0.90599406,0.09400596
704,0.90599406,0.09400596
705,0.90599406,0.09400596
706,0.90599406,0.09400596
707,0.90599406,0.09400596
708,0.90599406,0.09400596
709,0.90599406,0.09400596
710,0.90599406,0.09400596
711,0.90599406,0.09400596
712,0.90599406,0.09400596
713,0.90599406,0.09400596
714,0.90599406,0.09400596
715,0.90599406,0.09400596
716,0.014368653,0.98563135
717,0.90599406,0.09400596
718,0.90599406,0.09400596
719,0.90599406,0.09400596
720,0.90599406,0.09400596
721,0.90599406,0.09400596
722,0.90599406,0.09400596
723,0.90599406,0.09400596
724,0.90599406,0.09400596
725,0.90599406,0.09400596
726,0.90599406,0.09400596
727,0.90599406,0.09400596
728,0.90599406,0.09400596
729,0.90599406,0.09400596
730,0.90599406,0.09400596
731,0.90599406,0.09400596
732,0.90599406,0.09400596
733,0.90599406,0.09400596
734,0.90599406,0.09400596
735,0.90599406,0.09400596
736,0.90599406,0.09400596
737,0.90599406,0.09400596
738,0.90599406,0.09400596
739,0.90599406,0.09400596
740,0.90599406,0.09400596
741,0.90599406,0.09400596
742,0.90599406,0.09400596
743,0.90599406,0.09400596
744,0.90599406,0.09400596
745,0.90599406,0.09400596
746,0.90599406,0.09400596
747,0.014368653,0.98563135
748,0.90599406,0.09400596
749,0.90599406,0.09400596
750,0.90599406,0.09400596
751,0.02001661,0.9799834
752,0.90599406,0.09400596
753,0.90599406,0.09400596
754,0.90599406,0.09400596
755,0.90599406,0.09400596
756,0.90599406,0.09400596
757,0.90599406,0.09400596
758,0.90599406,0.09400596
759,0.90599406,0.09400596
760,0.052773,0.947227
761,0.90599406,0.09400596
762,0.90599406,0.09400596
763,0.90599406,0.09400596
764,0.90599406,0.09400596
765,0.90599406,0.09400596
766,0.90599406,0.09400596
767,0.90599406,0.09400596
768,0.90599406,0.09400596
769,0.90599406,0.09400596
770,0.90599406,0.09400596
771,0.90599406,0.09400596
772,0.90599406,0.09400596
773,0.90599406,0.09400596
774,0.90599406,0.09400596
775,0.90599406,0.09400596
776,0.90599406,0.09400596
777,0.90599406,0.09400596
778,0.90599406,0.09400596
779,0.90599406,0.09400596
780,0.90599406,0.09400596
781,0.90599406,0.09400596
782,0.90599406,0.09400596
783,0.90599406,0.09400596
784,0.90599406,0.09400596
785,0.90599406,0.09400596
786,0.90599406,0.09400596
787,0.90599406,0.09400596
788,0.90599406,0.09400596
789,0.90599406,0.09400596
790,0.90599406,0.09400596
791,0.90599406,0.09400596
792,0.90599406,0.09400596
793,0.90599406,0.09400596
794,0.90599406,0.09400596
795,0.90599406,0.09400596
796,0.90599406,0.09400596
797,0.0047151446,0.99528486
798,0.90599406,0.09400596
799,0.90599406,0.09400596
800,0.90599406,0.09400596
801,0.90599406,0.09400596
802,0.90599406,0.09400596
803,0.90599406,0.09400596
804,0.90599406,0.09400596
805,0.90599406,0.09400596
806,0.90599406,0.09400596
807,0.90599406,0.09400596
808,0.90599406,0.09400596
809,0.90599406,0.09400596
810,0.90599406,0.09400596
811,0.90599406,0.09400596
812,0.90599406,0.09400596
813,0.90599406,0.09400596
814,0.90599406,0.09400596
815,0.90599406,0.09400596
816,0.90599406,0.09400596
817,0.90599406,0.09400596
818,0.90599406,0.09400596
819,0.90599406,0.09400596
820,0.90599406,0.09400596
821,0.90599406,0.09400596
822,0.90599406,0.09400596
823,0.90599406,0.09400596
824,0.90599406,0.09400596
825,0.90599406,0.09400596
826,0.90599406,0.09400596
827,0.90599406,0.09400596
828,0.90599406,0.09400596
829,0.90599406,0.09400596
830,0.90599406,0.09400596
831,0.90599406,0.09400596
832,0.90599406,0.09400596
833,0.90599406,0.09400596
834,0.90599406,0.09400596
835,0.90599406,0.09400596
836,0.90599406,0.09400596
837,0.0047151446,0.99528486
838,0.90599406,0.09400596
839,0.90599406,0.09400596
840,0.90599406,0.09400596
841,0.90599406,0.09400596
842,0.90599406,0.09400596
843,0.90599406,0.09400596
844,0.90599406,0.09400596
845,0.90599406,0.09400596
846,0.90599406,0.09400596
847,0.0033944845,0.9966055
848,0.90599406,0.09400596
849,0.90599406,0.09400596
850,0.90599406,0.09400596
851,0.90599406,0.09400596
852,0.90599406,0.09400596
853,0.90599406,0.09400596
854,0.90599406,0.09400596
855,0.90599406,0.09400596
856,0.90599406,0.09400596
857,0.90599406,0.09400596
858,0.90599406,0.09400596
859,0.90599406,0.09400596
860,0.90599406,0.09400596
861,0.90599406,0.09400596
862,0.90599406,0.09400596
863,0.90599406,0.09400596
864,0.90599406,0.09400596
865,0.90599406,0.09400596
866,0.90599406,0.09400596
867,0.90599406,0.09400596
868,0.90599406,0.09400596
869,0.90599406,0.09400596
870,0.90599406,0.09400596
871,0.90599406,0.09400596
872,0.90599406,0.09400596
873,0.90599406,0.09400596
874,0.90599406,0.09400596
875,0.90599406,0.09400596
876,0.90599406,0.09400596
877,0.014368653,0.98563135
878,0.014368653,0.98563135
879,0.90599406,0.09400596
880,0.90599406,0.09400596
881,0.90599406,0.09400596
882,0.90599406,0.09400596
883,0.90599406,0.09400596
884,0.90599406,0.09400596
885,0.90599406,0.09400596
886,0.90599406,0.09400596
887,0.90599406,0.09400596
888,0.90599406,0.09400596
889,0.90599406,0.09400596
890,0.90599406,0.09400596
891,0.90599406,0.09400596
892,0.90599406,0.09400596
893,0.90599406,0.09400596
894,0.90599406,0.09400596
895,0.90599406,0.09400596
896,0.90599406,0.09400596
897,0.90599406,0.09400596
898,0.90599406,0.09400596
899,0.90599406,0.09400596
900,0.90599406,0.09400596
901,0.90599406,0.09400596
902,0.90599406,0.09400596
903,0.90599406,0.09400596
904,0.90599406,0.09400596
905,0.90599406,0.09400596
906,0.90599406,0.09400596
907,0.90599406,0.09400596
908,0.90599406,0.09400596
909,0.90599406,0.09400596
910,0.90599406,0.09400596
911,0.90599406,0.09400596
912,0.90599406,0.09400596
913,0.90599406,0.09400596
914,0.90599406,0.09400596
