,0,1
0,0.9582792,0.041720793
1,0.9970413,0.0029586945
2,0.19641012,0.8035899
3,0.98660475,0.013395263
4,0.98660475,0.013395263
5,0.98660475,0.013395263
6,0.98660475,0.013395263
7,0.24155426,0.75844574
8,0.98660475,0.013395263
9,0.9970413,0.0029586945
10,0.98660475,0.013395263
11,0.03544885,0.96455115
12,0.98660475,0.013395263
13,0.98660475,0.013395263
14,0.98660475,0.013395263
15,0.9449656,0.05503438
16,0.99634516,0.0036548509
17,0.98660475,0.013395263
18,0.9322901,0.06770995
19,0.98660475,0.013395263
20,0.98660475,0.013395263
21,0.7376186,0.26238137
22,0.98660475,0.013395263
23,0.98660475,0.013395263
24,0.98660475,0.013395263
25,0.98660475,0.013395263
26,0.44892657,0.55107343
27,0.98660475,0.013395263
28,0.9975744,0.0024256078
29,0.98660475,0.013395263
30,0.98660475,0.013395263
31,0.98660475,0.013395263
32,0.98660475,0.013395263
33,0.98660475,0.013395263
34,0.98660475,0.013395263
35,0.98660475,0.013395263
36,0.9952706,0.004729395
37,0.9640251,0.035974946
38,0.9669495,0.033050466
39,0.9669495,0.033050466
40,0.98660475,0.013395263
41,0.98660475,0.013395263
42,0.98660475,0.013395263
43,0.98660475,0.013395263
44,0.98660475,0.013395263
45,0.9975744,0.0024256078
46,0.021988988,0.978011
47,0.98660475,0.013395263
48,0.98660475,0.013395263
49,0.98660475,0.013395263
50,0.98660475,0.013395263
51,0.98660475,0.013395263
52,0.9970413,0.0029586945
53,0.98660475,0.013395263
54,0.016439319,0.9835607
55,0.6219815,0.37801847
56,0.98062724,0.01937275
57,0.9580371,0.041962918
58,0.9959773,0.004022715
59,0.98660475,0.013395263
60,0.98660475,0.013395263
61,0.98660475,0.013395263
62,0.9528179,0.04718209
63,0.98660475,0.013395263
64,0.98660475,0.013395263
65,0.015943289,0.9840567
66,0.98660475,0.013395263
67,0.04814303,0.951857
68,0.98660475,0.013395263
69,0.9975744,0.0024256078
70,0.882179,0.11782097
71,0.98660475,0.013395263
72,0.98660475,0.013395263
73,0.9989538,0.0010462033
74,0.98660475,0.013395263
75,0.98660475,0.013395263
76,0.9952706,0.004729395
77,0.98660475,0.013395263
78,0.98660475,0.013395263
79,0.98660475,0.013395263
80,0.8364981,0.16350192
81,0.9952706,0.004729395
82,0.9706118,0.02938819
83,0.98660475,0.013395263
84,0.9975744,0.0024256078
85,0.9970413,0.0029586945
86,0.9975744,0.0024256078
87,0.98660475,0.013395263
88,0.98660475,0.013395263
89,0.0065585375,0.99344146
90,0.98660475,0.013395263
91,0.98660475,0.013395263
92,0.0051389337,0.99486107
93,0.98660475,0.013395263
94,0.98660475,0.013395263
95,0.98660475,0.013395263
96,0.98660475,0.013395263
97,0.98660475,0.013395263
98,0.98660475,0.013395263
99,0.98660475,0.013395263
100,0.98660475,0.013395263
101,0.98660475,0.013395263
102,0.98660475,0.013395263
103,0.97591025,0.024089774
104,0.9706118,0.02938819
105,0.81688476,0.18311524
106,0.00310421,0.9968958
107,0.98660475,0.013395263
108,0.983922,0.016077979
109,0.98660475,0.013395263
110,0.98660475,0.013395263
111,0.98660475,0.013395263
112,0.98660475,0.013395263
113,0.98660475,0.013395263
114,0.98660475,0.013395263
115,0.9706118,0.02938819
116,0.9688465,0.031153515
117,0.98660475,0.013395263
118,0.015538275,0.9844617
119,0.0068033934,0.9931966
120,0.012030363,0.98796964
121,0.98660475,0.013395263
122,0.020808756,0.97919124
123,0.98660475,0.013395263
124,0.98660475,0.013395263
125,0.98660475,0.013395263
126,0.98660475,0.013395263
127,0.9943109,0.0056890915
128,0.98660475,0.013395263
129,0.9815912,0.018408788
130,0.98660475,0.013395263
131,0.98660475,0.013395263
132,0.98660475,0.013395263
133,0.95961964,0.040380366
134,0.98660475,0.013395263
135,0.98660475,0.013395263
136,0.98660475,0.013395263
137,0.98660475,0.013395263
138,0.98660475,0.013395263
139,0.98660475,0.013395263
140,0.98660475,0.013395263
141,0.98660475,0.013395263
142,0.98660475,0.013395263
143,0.99634516,0.0036548509
144,0.98660475,0.013395263
145,0.920023,0.079976976
146,0.98660475,0.013395263
147,0.9975744,0.0024256078
148,0.9952706,0.004729395
149,0.9975744,0.0024256078
150,0.9975744,0.0024256078
151,0.86886287,0.13113712
152,0.98660475,0.013395263
153,0.8521749,0.14782515
154,0.0054038167,0.9945962
155,0.98660475,0.013395263
156,0.9640251,0.035974946
157,0.98660475,0.013395263
158,0.0017386079,0.9982614
159,0.81688476,0.18311524
160,0.98660475,0.013395263
161,0.0004312396,0.99956876
162,0.98660475,0.013395263
163,0.19663084,0.80336916
164,0.6442478,0.35575223
165,0.98660475,0.013395263
166,0.98660475,0.013395263
167,0.98660475,0.013395263
168,0.98660475,0.013395263
169,0.98660475,0.013395263
170,0.98660475,0.013395263
171,0.98660475,0.013395263
172,0.98660475,0.013395263
173,0.98660475,0.013395263
174,0.98660475,0.013395263
175,0.98660475,0.013395263
176,0.9688465,0.031153515
177,0.0051779747,0.994822
178,0.9815912,0.018408788
179,0.98660475,0.013395263
180,0.98660475,0.013395263
181,0.9640251,0.035974946
182,0.9970413,0.0029586945
183,0.98660475,0.013395263
184,0.91948503,0.08051498
185,0.98660475,0.013395263
186,0.9001192,0.0998808
187,0.00060617924,0.9993938
188,0.98660475,0.013395263
189,0.98660475,0.013395263
190,0.8802207,0.119779296
191,0.01061368,0.9893863
192,0.98660475,0.013395263
193,0.98660475,0.013395263
194,0.882179,0.11782097
195,0.98660475,0.013395263
196,0.98660475,0.013395263
197,0.9970413,0.0029586945
198,0.98660475,0.013395263
199,0.9970413,0.0029586945
200,0.98660475,0.013395263
201,0.98660475,0.013395263
202,0.98660475,0.013395263
203,0.9970413,0.0029586945
204,0.98660475,0.013395263
205,0.98660475,0.013395263
206,0.94932014,0.050679874
207,0.19983667,0.8001633
208,0.98660475,0.013395263
209,0.98660475,0.013395263
210,0.98660475,0.013395263
211,0.3004753,0.6995247
212,0.98660475,0.013395263
213,0.9975744,0.0024256078
214,0.10414559,0.8958544
215,0.98660475,0.013395263
216,0.98660475,0.013395263
217,0.98660475,0.013395263
218,0.98660475,0.013395263
219,0.98660475,0.013395263
220,0.98660475,0.013395263
221,0.98660475,0.013395263
222,0.98660475,0.013395263
223,0.98660475,0.013395263
224,0.98660475,0.013395263
225,0.98660475,0.013395263
226,0.98660475,0.013395263
227,0.015003204,0.9849968
228,0.98660475,0.013395263
229,0.98660475,0.013395263
230,0.905485,0.09451504
231,0.82304645,0.17695352
232,0.9970413,0.0029586945
233,0.47573996,0.52426004
234,0.98660475,0.013395263
235,0.98660475,0.013395263
236,0.9975744,0.0024256078
237,0.98660475,0.013395263
238,0.98660475,0.013395263
239,0.9975744,0.0024256078
240,0.4895662,0.5104338
241,0.98660475,0.013395263
242,0.98660475,0.013395263
243,0.98660475,0.013395263
244,0.6442478,0.35575223
245,0.98660475,0.013395263
246,0.04247397,0.957526
247,0.9952706,0.004729395
248,0.99634516,0.0036548509
249,0.98660475,0.013395263
250,0.98660475,0.013395263
251,0.89828795,0.101712026
252,0.98660475,0.013395263
253,0.01771015,0.98228985
254,0.98660475,0.013395263
255,0.00037157536,0.9996284
256,0.98660475,0.013395263
257,0.98660475,0.013395263
258,0.98660475,0.013395263
259,0.004055798,0.9959442
260,0.98660475,0.013395263
261,0.9842252,0.015774807
262,0.98660475,0.013395263
263,0.98880637,0.011193616
264,0.98660475,0.013395263
265,0.98660475,0.013395263
266,0.0019302964,0.9980697
267,0.97591025,0.024089774
268,0.98660475,0.013395263
269,0.98660475,0.013395263
270,0.99634516,0.0036548509
271,0.98660475,0.013395263
272,0.98660475,0.013395263
273,0.98660475,0.013395263
274,0.00017046928,0.99982953
275,0.98660475,0.013395263
276,0.98660475,0.013395263
277,0.98660475,0.013395263
278,0.27715874,0.72284126
279,0.98660475,0.013395263
280,0.98660475,0.013395263
281,0.98660475,0.013395263
282,0.98660475,0.013395263
283,0.03907448,0.9609255
284,0.98660475,0.013395263
285,0.98660475,0.013395263
286,0.021464169,0.97853583
287,0.98660475,0.013395263
288,0.98660475,0.013395263
289,0.9952706,0.004729395
290,0.98660475,0.013395263
291,0.98660475,0.013395263
292,0.98660475,0.013395263
293,0.9975744,0.0024256078
294,0.98660475,0.013395263
295,0.98660475,0.013395263
296,0.98660475,0.013395263
297,0.98660475,0.013395263
298,0.98660475,0.013395263
299,0.98660475,0.013395263
300,0.98660475,0.013395263
301,0.98660475,0.013395263
302,0.98660475,0.013395263
303,0.9952706,0.004729395
304,0.4734437,0.5265563
305,0.98660475,0.013395263
306,0.98660475,0.013395263
307,0.98660475,0.013395263
308,0.98660475,0.013395263
309,0.98660475,0.013395263
310,0.9572387,0.042761296
311,0.98660475,0.013395263
312,0.98660475,0.013395263
313,0.98660475,0.013395263
314,0.98660475,0.013395263
315,0.98660475,0.013395263
316,0.98660475,0.013395263
317,0.9259619,0.074038066
318,0.98660475,0.013395263
319,0.98660475,0.013395263
320,0.98660475,0.013395263
321,0.98660475,0.013395263
322,0.98660475,0.013395263
323,0.98660475,0.013395263
324,0.0028137565,0.99718624
325,0.98660475,0.013395263
326,0.98660475,0.013395263
327,0.98660475,0.013395263
328,0.98660475,0.013395263
329,0.49365288,0.5063471
330,0.7576057,0.24239434
331,0.98660475,0.013395263
332,0.98660475,0.013395263
333,0.98660475,0.013395263
334,0.98660475,0.013395263
335,0.98660475,0.013395263
336,0.98660475,0.013395263
337,0.98660475,0.013395263
338,0.99634516,0.0036548509
339,0.98660475,0.013395263
340,0.98062724,0.01937275
341,0.98660475,0.013395263
342,0.98660475,0.013395263
343,0.4642701,0.5357299
344,0.98660475,0.013395263
345,0.9906311,0.00936888
346,0.98660475,0.013395263
347,0.99634516,0.0036548509
348,0.98660475,0.013395263
349,0.98660475,0.013395263
350,0.98660475,0.013395263
351,0.98660475,0.013395263
352,0.98660475,0.013395263
353,0.98660475,0.013395263
354,0.011482835,0.98851717
355,0.98660475,0.013395263
356,0.98660475,0.013395263
357,0.98660475,0.013395263
358,0.98660475,0.013395263
359,0.98660475,0.013395263
360,0.98660475,0.013395263
361,0.9906311,0.00936888
362,0.98660475,0.013395263
363,0.98660475,0.013395263
364,0.99877363,0.0012263855
365,0.99634516,0.0036548509
366,0.98660475,0.013395263
367,0.9975744,0.0024256078
368,0.98660475,0.013395263
369,0.058647573,0.9413524
370,0.14073765,0.85926235
371,0.95971644,0.040283535
372,0.98660475,0.013395263
373,0.98660475,0.013395263
374,0.98660475,0.013395263
375,0.98660475,0.013395263
376,0.98660475,0.013395263
377,0.98660475,0.013395263
378,0.98660475,0.013395263
379,0.98660475,0.013395263
380,0.98660475,0.013395263
381,0.98660475,0.013395263
382,0.19663084,0.80336916
383,0.98660475,0.013395263
384,0.98660475,0.013395263
385,0.98660475,0.013395263
386,0.99634516,0.0036548509
387,0.9814572,0.018542828
388,0.94089675,0.059103247
389,0.98062724,0.01937275
390,0.06359637,0.93640363
391,0.98660475,0.013395263
392,0.98660475,0.013395263
393,0.0059025288,0.9940975
394,0.98660475,0.013395263
395,0.0010920763,0.9989079
396,0.98660475,0.013395263
397,0.98660475,0.013395263
398,0.98660475,0.013395263
399,0.98660475,0.013395263
400,0.98660475,0.013395263
401,0.0013889074,0.9986111
402,0.98660475,0.013395263
403,0.98660475,0.013395263
404,0.973068,0.026931973
405,0.98660475,0.013395263
406,0.98660475,0.013395263
407,0.98660475,0.013395263
408,0.98660475,0.013395263
409,0.9970413,0.0029586945
410,0.42992568,0.5700743
411,0.98660475,0.013395263
412,0.98660475,0.013395263
413,0.8521749,0.14782515
414,0.9975744,0.0024256078
415,0.15939283,0.84060717
416,0.06414658,0.9358534
417,0.98660475,0.013395263
418,0.7731951,0.2268049
419,0.99634516,0.0036548509
420,0.973068,0.026931973
421,0.98660475,0.013395263
422,0.98660475,0.013395263
423,0.98660475,0.013395263
424,0.98660475,0.013395263
425,0.98660475,0.013395263
426,0.98660475,0.013395263
427,0.5810059,0.41899413
428,0.98660475,0.013395263
429,0.054694414,0.9453056
430,0.98660475,0.013395263
431,0.98660475,0.013395263
432,0.98660475,0.013395263
433,0.98660475,0.013395263
434,0.98660475,0.013395263
435,0.9706118,0.02938819
436,0.98660475,0.013395263
437,0.98660475,0.013395263
438,0.98660475,0.013395263
439,0.98660475,0.013395263
440,0.98660475,0.013395263
441,0.98660475,0.013395263
442,0.98660475,0.013395263
443,0.9901595,0.009840504
444,0.98660475,0.013395263
445,0.0059205294,0.9940795
446,0.98660475,0.013395263
447,0.98660475,0.013395263
448,0.98660475,0.013395263
449,0.98660475,0.013395263
450,0.08892155,0.91107845
451,0.98660475,0.013395263
452,0.98660475,0.013395263
453,0.98660475,0.013395263
454,0.944998,0.055002004
455,0.9987831,0.0012169043
456,0.98660475,0.013395263
457,0.98660475,0.013395263
458,0.10120863,0.8987914
459,0.98660475,0.013395263
460,0.98660475,0.013395263
461,0.98660475,0.013395263
462,0.98660475,0.013395263
463,0.9970413,0.0029586945
464,0.98660475,0.013395263
465,0.9815912,0.018408788
466,0.99634516,0.0036548509
467,0.023294032,0.97670597
468,0.98660475,0.013395263
469,0.9669495,0.033050466
470,0.98660475,0.013395263
471,0.98660475,0.013395263
472,0.98660475,0.013395263
473,0.98660475,0.013395263
474,0.98660475,0.013395263
475,0.98660475,0.013395263
476,0.98660475,0.013395263
477,0.98660475,0.013395263
478,0.98660475,0.013395263
479,0.8207885,0.17921148
480,0.98660475,0.013395263
481,0.07295734,0.92704266
482,0.98660475,0.013395263
483,0.98660475,0.013395263
484,0.98660475,0.013395263
485,0.97591025,0.024089774
486,0.99078023,0.009219779
487,0.9970413,0.0029586945
488,0.9975744,0.0024256078
489,0.96995014,0.030049872
490,0.98660475,0.013395263
491,0.9706118,0.02938819
492,0.29919356,0.70080644
493,0.98660475,0.013395263
494,0.9970413,0.0029586945
495,0.82391155,0.17608842
496,0.98660475,0.013395263
497,0.00031661987,0.9996834
498,0.98660475,0.013395263
499,0.000916481,0.9990835
500,0.98660475,0.013395263
501,0.0010693669,0.99893063
502,0.98660475,0.013395263
503,0.98660475,0.013395263
504,0.98660475,0.013395263
505,0.90458393,0.09541608
506,0.98660475,0.013395263
507,0.99717927,0.0028207398
508,0.5720341,0.42796585
509,0.0016176701,0.99838233
510,0.98660475,0.013395263
511,0.98660475,0.013395263
512,0.98660475,0.013395263
513,0.98660475,0.013395263
514,0.98660475,0.013395263
515,0.98660475,0.013395263
516,0.98172003,0.01827997
517,0.9970413,0.0029586945
518,0.98660475,0.013395263
519,0.98660475,0.013395263
520,0.98660475,0.013395263
521,0.0009856224,0.9990144
522,0.98660475,0.013395263
523,0.0020426512,0.99795735
524,0.98660475,0.013395263
525,0.98660475,0.013395263
526,0.9952706,0.004729395
527,0.98660475,0.013395263
528,0.99634516,0.0036548509
529,0.905485,0.09451504
530,0.98660475,0.013395263
531,0.9706118,0.02938819
532,0.04615456,0.95384544
533,0.9706118,0.02938819
534,0.98660475,0.013395263
535,0.98660475,0.013395263
536,0.98660475,0.013395263
537,0.98660475,0.013395263
538,0.98660475,0.013395263
539,0.98660475,0.013395263
540,0.9706118,0.02938819
541,0.020958245,0.97904176
542,0.98660475,0.013395263
543,0.98660475,0.013395263
544,0.99634516,0.0036548509
545,0.98660475,0.013395263
546,0.9975744,0.0024256078
547,0.98660475,0.013395263
548,0.98660475,0.013395263
549,0.98660475,0.013395263
550,0.9753072,0.024692798
551,0.98660475,0.013395263
552,0.98660475,0.013395263
553,0.98660475,0.013395263
554,0.98660475,0.013395263
555,0.98660475,0.013395263
556,0.98660475,0.013395263
557,0.95971644,0.040283535
558,0.98172003,0.01827997
559,0.98660475,0.013395263
560,0.98660475,0.013395263
561,0.98660475,0.013395263
562,0.98660475,0.013395263
563,0.98660475,0.013395263
564,0.98660475,0.013395263
565,0.9952706,0.004729395
566,0.98660475,0.013395263
567,0.98660475,0.013395263
568,0.98660475,0.013395263
569,0.9975744,0.0024256078
570,0.98660475,0.013395263
571,0.98660475,0.013395263
572,0.98660475,0.013395263
573,0.98660475,0.013395263
574,0.98660475,0.013395263
575,0.98660475,0.013395263
576,0.98660475,0.013395263
577,0.13470256,0.86529744
578,0.98660475,0.013395263
579,0.98660475,0.013395263
580,0.98660475,0.013395263
581,0.98660475,0.013395263
582,0.018916786,0.9810832
583,0.98660475,0.013395263
584,0.98660475,0.013395263
585,0.00019341707,0.9998066
586,0.98660475,0.013395263
587,0.98660475,0.013395263
588,0.99717927,0.0028207398
589,0.9322901,0.06770995
590,0.98660475,0.013395263
591,0.98660475,0.013395263
592,0.98660475,0.013395263
593,0.98660475,0.013395263
594,0.98660475,0.013395263
595,0.98660475,0.013395263
596,0.98660475,0.013395263
597,0.98660475,0.013395263
598,0.98660475,0.013395263
599,0.98660475,0.013395263
600,0.98660475,0.013395263
601,0.98660475,0.013395263
602,0.9952706,0.004729395
603,0.98660475,0.013395263
604,0.98660475,0.013395263
605,0.9706118,0.02938819
606,0.98660475,0.013395263
607,6.1273575e-05,0.9999387
608,0.98660475,0.013395263
609,0.98660475,0.013395263
610,0.98660475,0.013395263
611,0.0011633039,0.9988367
612,7.998943e-05,0.99992
613,0.98660475,0.013395263
614,0.98660475,0.013395263
615,0.98660475,0.013395263
616,0.98660475,0.013395263
617,0.9989678,0.0010321691
618,0.13098913,0.86901087
619,0.98660475,0.013395263
620,0.98660475,0.013395263
621,0.98660475,0.013395263
622,0.98660475,0.013395263
623,0.98880637,0.011193616
624,0.99634516,0.0036548509
625,0.81688476,0.18311524
626,0.9579129,0.042087056
627,0.98660475,0.013395263
628,0.98660475,0.013395263
629,0.0023354292,0.9976646
630,0.9688465,0.031153515
631,0.98660475,0.013395263
632,0.98660475,0.013395263
633,0.98660475,0.013395263
634,0.98660475,0.013395263
635,0.98660475,0.013395263
636,0.98660475,0.013395263
637,0.98660475,0.013395263
638,0.99634516,0.0036548509
639,0.98660475,0.013395263
640,0.98660475,0.013395263
641,0.99634516,0.0036548509
642,0.98660475,0.013395263
643,0.98660475,0.013395263
644,0.98660475,0.013395263
645,0.9706118,0.02938819
646,0.98660475,0.013395263
647,0.98660475,0.013395263
648,0.89100903,0.108990975
649,0.98660475,0.013395263
650,0.9528179,0.04718209
651,0.98660475,0.013395263
652,0.99634516,0.0036548509
653,0.98660475,0.013395263
654,0.9775455,0.02245452
655,0.98660475,0.013395263
656,0.98660475,0.013395263
657,0.98660475,0.013395263
658,0.98660475,0.013395263
659,0.98660475,0.013395263
660,0.9952706,0.004729395
661,0.98660475,0.013395263
662,0.98660475,0.013395263
663,0.98660475,0.013395263
664,0.98660475,0.013395263
665,0.98660475,0.013395263
666,0.98660475,0.013395263
667,0.97591025,0.024089774
668,0.9882536,0.0117463935
669,0.98660475,0.013395263
670,0.98660475,0.013395263
671,0.98062724,0.01937275
672,0.01430589,0.9856941
673,0.98660475,0.013395263
674,0.98660475,0.013395263
675,0.98660475,0.013395263
676,0.98660475,0.013395263
677,0.98660475,0.013395263
678,0.9987831,0.0012169043
679,0.00019341707,0.9998066
680,0.96995014,0.030049872
681,0.98660475,0.013395263
682,0.99634516,0.0036548509
683,0.020958245,0.97904176
684,0.98660475,0.013395263
685,0.98660475,0.013395263
686,0.98660475,0.013395263
687,0.94089675,0.059103247
688,0.98660475,0.013395263
689,0.9970413,0.0029586945
690,0.98660475,0.013395263
691,0.98660475,0.013395263
692,0.98660475,0.013395263
693,0.98660475,0.013395263
694,0.98660475,0.013395263
695,0.9669495,0.033050466
696,0.036800683,0.9631993
697,0.9970413,0.0029586945
698,0.9975744,0.0024256078
699,0.002572,0.997428
700,0.98660475,0.013395263
701,0.98660475,0.013395263
702,0.9975744,0.0024256078
703,0.98660475,0.013395263
704,0.98660475,0.013395263
705,0.98660475,0.013395263
706,0.98660475,0.013395263
707,0.64716196,0.35283807
708,0.9640251,0.035974946
709,0.98660475,0.013395263
710,0.98660475,0.013395263
711,0.98660475,0.013395263
712,0.98660475,0.013395263
713,0.98660475,0.013395263
714,0.98660475,0.013395263
715,0.9970413,0.0029586945
716,0.98660475,0.013395263
717,0.98178244,0.01821757
718,2.849102e-05,0.9999715
719,0.98660475,0.013395263
720,0.9952706,0.004729395
721,0.98660475,0.013395263
722,0.98660475,0.013395263
723,0.98660475,0.013395263
724,0.9959773,0.004022715
725,0.98660475,0.013395263
726,0.98660475,0.013395263
727,0.98660475,0.013395263
728,0.19844967,0.8015503
729,0.99634516,0.0036548509
730,0.98660475,0.013395263
731,0.98660475,0.013395263
732,0.98660475,0.013395263
733,0.98660475,0.013395263
734,0.9970413,0.0029586945
735,0.003900528,0.9960995
736,0.98660475,0.013395263
737,0.98660475,0.013395263
738,0.98660475,0.013395263
739,0.98660475,0.013395263
740,0.4734437,0.5265563
741,0.98660475,0.013395263
742,0.98660475,0.013395263
743,0.98172003,0.01827997
744,0.15728277,0.84271723
745,0.99634516,0.0036548509
746,0.98660475,0.013395263
747,0.98660475,0.013395263
748,0.30374897,0.69625103
749,0.9989678,0.0010321691
750,0.98660475,0.013395263
751,0.9975744,0.0024256078
752,0.99634516,0.0036548509
753,0.98660475,0.013395263
754,0.98660475,0.013395263
755,0.98660475,0.013395263
756,0.98660475,0.013395263
757,0.0009889603,0.99901104
758,0.0011151433,0.99888486
759,0.9582792,0.041720793
760,0.98660475,0.013395263
761,0.98660475,0.013395263
762,0.98660475,0.013395263
763,0.98660475,0.013395263
764,0.0008686185,0.9991314
765,0.98660475,0.013395263
766,0.98660475,0.013395263
767,0.9952706,0.004729395
768,0.98660475,0.013395263
769,0.98660475,0.013395263
770,0.9975319,0.0024681122
771,0.93684226,0.06315772
772,0.111768425,0.8882316
773,0.98660475,0.013395263
774,0.98660475,0.013395263
775,0.99634516,0.0036548509
776,0.98660475,0.013395263
777,0.8364981,0.16350192
778,0.98660475,0.013395263
779,0.00011086464,0.99988914
780,0.98660475,0.013395263
781,0.98660475,0.013395263
782,0.98660475,0.013395263
783,0.9640251,0.035974946
784,0.9976365,0.0023634736
785,0.0014846921,0.9985153
786,0.98660475,0.013395263
787,0.98660475,0.013395263
788,0.98763007,0.0123699475
789,0.98660475,0.013395263
790,0.98660475,0.013395263
791,0.98062724,0.01937275
792,0.98660475,0.013395263
793,0.98660475,0.013395263
794,0.9975744,0.0024256078
795,0.98660475,0.013395263
796,0.98660475,0.013395263
797,0.98660475,0.013395263
798,0.98660475,0.013395263
799,0.98660475,0.013395263
800,0.98660475,0.013395263
801,0.22239375,0.77760625
802,0.9322901,0.06770995
803,0.9952706,0.004729395
804,0.0010257959,0.9989742
805,0.98660475,0.013395263
806,0.9688465,0.031153515
807,0.028806865,0.97119313
808,0.98660475,0.013395263
809,0.98660475,0.013395263
810,0.98660475,0.013395263
811,0.0067504644,0.99324954
812,0.98660475,0.013395263
813,0.98660475,0.013395263
814,0.99634516,0.0036548509
815,0.9706118,0.02938819
816,0.00043433905,0.99956566
817,0.98660475,0.013395263
818,0.98660475,0.013395263
819,0.98660475,0.013395263
820,0.19663084,0.80336916
821,0.0004901886,0.9995098
822,0.74869967,0.25130036
823,0.98660475,0.013395263
824,0.5918914,0.40810856
825,0.98660475,0.013395263
826,0.98660475,0.013395263
827,0.98660475,0.013395263
828,0.98660475,0.013395263
829,0.98660475,0.013395263
830,0.9706118,0.02938819
831,0.98660475,0.013395263
832,0.98660475,0.013395263
833,0.98660475,0.013395263
834,0.98660475,0.013395263
835,0.98660475,0.013395263
836,0.98660475,0.013395263
837,0.782889,0.217111
838,0.9669495,0.033050466
839,0.98660475,0.013395263
840,0.98660475,0.013395263
841,0.9952706,0.004729395
842,0.9952706,0.004729395
843,0.98660475,0.013395263
844,0.9860773,0.013922672
845,0.0042449236,0.9957551
846,0.98660475,0.013395263
847,0.9975744,0.0024256078
848,0.9706118,0.02938819
849,0.98660475,0.013395263
850,0.9579129,0.042087056
851,0.98660475,0.013395263
852,9.655952e-06,0.99999034
853,0.9706118,0.02938819
854,0.98660475,0.013395263
855,0.27925402,0.720746
856,0.98062724,0.01937275
857,0.99634516,0.0036548509
858,0.98660475,0.013395263
859,0.00026792288,0.9997321
860,0.01911211,0.9808879
861,0.98660475,0.013395263
862,0.98660475,0.013395263
863,0.98660475,0.013395263
864,0.9975744,0.0024256078
865,0.98660475,0.013395263
866,0.9970413,0.0029586945
867,0.98660475,0.013395263
868,0.98660475,0.013395263
869,0.74988425,0.25011578
870,0.9970413,0.0029586945
871,0.98660475,0.013395263
872,0.021664798,0.9783352
873,0.98660475,0.013395263
874,0.0019876957,0.9980123
875,0.9580371,0.041962918
876,0.98660475,0.013395263
877,0.98660475,0.013395263
878,0.0023967624,0.99760324
879,0.98660475,0.013395263
880,0.99634516,0.0036548509
881,0.98660475,0.013395263
882,0.98660475,0.013395263
883,0.9970413,0.0029586945
884,0.45077878,0.5492212
885,0.98660475,0.013395263
886,0.95961964,0.040380366
887,0.98660475,0.013395263
888,0.9975744,0.0024256078
889,0.98660475,0.013395263
890,0.98660475,0.013395263
891,0.9706118,0.02938819
892,0.98660475,0.013395263
893,0.07794577,0.92205423
894,0.98660475,0.013395263
895,0.01307404,0.98692596
896,0.98314476,0.016855255
897,0.98660475,0.013395263
898,0.98660475,0.013395263
899,0.98660475,0.013395263
900,0.98660475,0.013395263
901,0.98660475,0.013395263
902,0.9970413,0.0029586945
903,0.98660475,0.013395263
904,0.98660475,0.013395263
905,0.98660475,0.013395263
906,0.98660475,0.013395263
907,0.98660475,0.013395263
908,0.0004312396,0.99956876
909,0.98660475,0.013395263
910,0.9970413,0.0029586945
911,0.9959773,0.004022715
912,0.9975744,0.0024256078
913,0.0011377335,0.99886227
914,0.5769391,0.42306086
