,0,1
0,0.0031591654,0.99684083
1,0.03135109,0.9686489
2,0.50371355,0.49628645
3,0.30849093,0.69150907
4,0.3462476,0.6537524
5,0.9965495,0.0034505152
6,0.57179075,0.42820925
7,0.31231678,0.6876832
8,0.98578787,0.014212154
9,0.86624956,0.13375047
10,0.35035312,0.6496469
11,0.0044838786,0.9955161
12,0.9590094,0.040990584
13,0.08056253,0.91943747
14,0.8455328,0.15446724
15,0.9444457,0.055554245
16,0.98299474,0.017005242
17,0.7867334,0.2132666
18,0.8738731,0.1261269
19,0.95360786,0.04639217
20,0.65439,0.34561005
21,0.5381304,0.46186957
22,0.32695866,0.67304134
23,0.20232517,0.79767483
24,0.8962507,0.103749245
25,0.95451975,0.045480233
26,0.13201934,0.86798066
27,0.10590583,0.89409417
28,0.8261891,0.17381091
29,0.0011211038,0.9988789
30,0.63182104,0.368179
31,0.466824,0.533176
32,0.3596816,0.6403184
33,0.10096586,0.89903414
34,0.9120931,0.08790692
35,0.8575515,0.14244848
36,0.99100256,0.008997449
37,0.88252395,0.11747607
38,0.81089735,0.18910266
39,0.57948506,0.4205149
40,0.0017694831,0.9982305
41,0.91480416,0.085195825
42,0.9447329,0.055267125
43,0.7491908,0.25080916
44,0.83675396,0.16324605
45,0.1254198,0.8745802
46,0.65653014,0.34346986
47,0.7998287,0.2001713
48,0.91983104,0.08016893
49,0.0046355724,0.9953644
50,0.7648271,0.23517293
51,0.95179516,0.04820482
52,0.9391748,0.06082526
53,0.06098038,0.9390196
54,0.4197197,0.5802803
55,0.97227746,0.027722519
56,0.64644784,0.35355216
57,0.26265216,0.73734784
58,0.7845781,0.2154219
59,0.09719926,0.90280074
60,0.3125885,0.6874115
61,0.95901865,0.040981334
62,0.7924679,0.20753211
63,0.025372207,0.9746278
64,0.56010044,0.43989953
65,0.27018756,0.72981244
66,0.35772544,0.64227456
67,0.0012649894,0.998735
68,0.7138237,0.2861763
69,0.319507,0.680493
70,0.62844235,0.37155765
71,0.028573692,0.9714263
72,0.003522575,0.9964774
73,0.33402878,0.6659712
74,0.26352143,0.73647857
75,0.97880685,0.021193149
76,0.25403243,0.74596757
77,0.2815879,0.7184121
78,0.14155209,0.8584479
79,0.37520903,0.62479097
80,0.2594912,0.7405088
81,0.65968394,0.34031603
82,0.8950112,0.10498884
83,0.050739884,0.9492601
84,0.98172754,0.01827247
85,0.026984155,0.97301584
86,0.020925581,0.9790744
87,0.59524703,0.40475294
88,0.93625575,0.06374424
89,0.29940373,0.7005963
90,0.21605009,0.7839499
91,0.004932165,0.99506783
92,0.12223399,0.877766
93,0.7867953,0.21320468
94,0.859473,0.14052704
95,0.99878794,0.0012120699
96,0.25081116,0.74918884
97,0.34146547,0.6585345
98,0.95015717,0.049842842
99,0.9412499,0.058750104
100,0.26737255,0.73262745
101,0.0029396415,0.99706036
102,0.9053334,0.09466661
103,0.4610247,0.5389753
104,0.8655379,0.13446209
105,0.8234128,0.17658724
106,0.45410424,0.54589576
107,0.9870831,0.0129169095
108,0.83418906,0.16581091
109,0.3585925,0.6414075
110,0.16732508,0.8326749
111,0.9657236,0.034276407
112,0.62593144,0.37406856
113,0.001514852,0.99848515
114,0.66958266,0.33041734
115,0.26645076,0.73354924
116,0.012133718,0.9878663
117,0.047789276,0.9522107
118,0.99022776,0.00977225
119,0.6473304,0.35266957
120,0.0014698505,0.99853015
121,0.013056636,0.98694336
122,0.31768882,0.6823112
123,0.058255732,0.94174427
124,0.46070576,0.53929424
125,0.004027784,0.9959722
126,0.7927428,0.20725723
127,0.6784265,0.32157353
128,0.3512289,0.6487711
129,0.8375622,0.16243777
130,0.96111053,0.03888944
131,0.3718348,0.6281652
132,0.98164254,0.018357445
133,0.08558202,0.914418
134,0.09957689,0.9004231
135,0.511795,0.48820502
136,0.2595544,0.7404456
137,0.97268087,0.027319139
138,0.93741196,0.06258801
139,0.9099144,0.0900856
140,0.3761704,0.6238296
141,0.056987286,0.9430127
142,0.5929359,0.4070641
143,0.3489914,0.6510086
144,0.012414694,0.9875853
145,0.7460768,0.2539232
146,0.7080505,0.29194948
147,0.9902541,0.009745874
148,0.030789733,0.96921027
149,0.7374979,0.26250204
150,0.9172828,0.08271719
151,0.7752015,0.2247985
152,0.92168665,0.07831333
153,0.6915678,0.30843225
154,0.020106792,0.9798932
155,0.74022174,0.2597783
156,0.62557316,0.3744268
157,0.46495897,0.53504103
158,0.6247842,0.37521583
159,0.009296775,0.9907032
160,0.5137818,0.4862182
161,0.81127495,0.18872504
162,0.24658495,0.75341505
163,0.46215284,0.53784716
164,0.9358005,0.064199485
165,0.1965689,0.8034311
166,0.9722028,0.027797194
167,0.94614863,0.053851392
168,0.86450565,0.13549438
169,0.9709324,0.0290676
170,0.17272812,0.8272719
171,0.96320564,0.036794383
172,0.061740875,0.9382591
173,0.9754199,0.024580117
174,0.16289341,0.8371066
175,0.0045139194,0.9954861
176,0.603052,0.39694798
177,0.9322509,0.0677491
178,0.94584554,0.05415443
179,0.8620437,0.13795634
180,0.5632455,0.43675452
181,0.7555351,0.24446486
182,0.08262861,0.9173714
183,0.08088291,0.9191171
184,0.2281056,0.7718944
185,0.2963524,0.7036476
186,0.69830406,0.3016959
187,0.79011977,0.2098802
188,0.0020192266,0.9979808
189,0.95523894,0.04476104
190,0.9775023,0.022497704
191,0.063528,0.936472
192,0.9723339,0.02766608
193,0.36314946,0.63685054
194,0.059458256,0.94054174
195,0.010151565,0.98984843
196,0.26497406,0.73502594
197,0.19168383,0.8083162
198,0.026691854,0.97330815
199,0.1841209,0.8158791
200,0.004056394,0.9959436
201,0.9840644,0.015935596
202,0.96858394,0.031416055
203,0.98900205,0.010997953
204,0.40920442,0.5907956
205,0.9926502,0.007349805
206,0.9853209,0.014679082
207,0.10121918,0.8987808
208,0.6634,0.3366
209,0.64063394,0.35936603
210,0.4666025,0.5333975
211,0.9322692,0.067730755
212,0.25539988,0.7446001
213,0.02266115,0.97733885
214,0.8572155,0.14278446
215,0.44701612,0.5529839
216,0.9004131,0.09958692
217,0.86604637,0.13395365
218,0.8930762,0.106923796
219,0.049847126,0.9501529
220,0.07433957,0.92566043
221,0.87373364,0.12626638
222,0.1537776,0.8462224
223,0.42689347,0.5731065
224,0.6385361,0.3614639
225,0.010933995,0.989066
226,0.11049503,0.88950497
227,0.37108594,0.62891406
228,0.99541366,0.00458636
229,0.03239703,0.96760297
230,0.025007427,0.9749926
231,0.95819044,0.04180954
232,0.006149173,0.9938508
233,0.70740974,0.29259026
234,0.89719826,0.10280176
235,0.0093278885,0.9906721
236,0.5000506,0.4999494
237,0.70317936,0.29682067
238,0.8996208,0.10037925
239,0.5987925,0.4012075
240,0.01645422,0.9835458
241,0.022739112,0.9772609
242,0.042734206,0.9572658
243,0.709572,0.29042798
244,0.17072397,0.829276
245,0.41552824,0.58447176
246,0.020543277,0.9794567
247,0.9880285,0.011971461
248,0.6486467,0.35135326
249,0.9650421,0.034957867
250,0.9081434,0.091856614
251,0.84032,0.15968002
252,0.7661611,0.23383892
253,0.71212375,0.28787622
254,0.008355439,0.99164456
255,0.038784087,0.9612159
256,0.90382034,0.09617968
257,0.07953024,0.92046976
258,0.99908394,0.0009160378
259,0.28165042,0.7183496
260,0.92695904,0.07304099
261,0.17835921,0.8216408
262,0.0011006594,0.99889934
263,0.96759397,0.032406047
264,0.037457585,0.9625424
265,0.08562958,0.9143704
266,0.23700559,0.7629944
267,0.014043689,0.9859563
268,0.79313654,0.20686346
269,0.7993374,0.20066258
270,0.9888611,0.011138918
271,0.7944862,0.20551376
272,0.034991145,0.96500885
273,0.5174151,0.4825849
274,0.8973487,0.1026513
275,0.062055886,0.9379441
276,0.7947558,0.20524418
277,0.96538186,0.034618128
278,0.6758802,0.3241198
279,0.9740619,0.02593811
280,0.4719382,0.5280618
281,0.41496485,0.58503515
282,0.6611854,0.33881462
283,0.8677205,0.13227955
284,0.9319376,0.06806243
285,0.7608564,0.23914364
286,0.07329762,0.9267024
287,0.97038895,0.029611072
288,0.033769965,0.96623003
289,0.7597861,0.24021386
290,0.3366974,0.6633026
291,0.242051,0.757949
292,0.4403845,0.5596155
293,0.26992875,0.73007125
294,0.65121275,0.34878725
295,0.8636705,0.13632946
296,0.30303967,0.69696033
297,0.04416758,0.9558324
298,0.100111246,0.89988875
299,0.105957866,0.89404213
300,0.6124785,0.38752154
301,0.0651595,0.9348405
302,0.861519,0.13848104
303,0.081873655,0.91812634
304,0.98436964,0.015630364
305,0.9324729,0.067527115
306,0.12036717,0.87963283
307,0.16905415,0.83094585
308,0.5825549,0.41744512
309,0.78664243,0.2133576
310,0.35997838,0.6400216
311,0.3065288,0.6934712
312,0.26407433,0.7359257
313,0.982993,0.01700698
314,0.9386332,0.061366815
315,0.92495763,0.0750424
316,0.024336338,0.97566366
317,0.79555833,0.20444167
318,0.50384283,0.4961572
319,0.025384068,0.97461593
320,0.846496,0.15350404
321,0.8697131,0.13028689
322,0.23155463,0.7684454
323,0.083182454,0.91681755
324,0.018958628,0.9810414
325,0.554265,0.445735
326,0.00302279,0.9969772
327,0.39237404,0.60762596
328,0.65033174,0.3496683
329,0.17821902,0.821781
330,0.9672231,0.03277692
331,0.30619287,0.6938071
332,0.5009513,0.49904868
333,0.49998575,0.50001425
334,0.26385278,0.7361472
335,0.97457176,0.02542823
336,0.60366607,0.39633396
337,0.19951499,0.800485
338,0.67163134,0.32836863
339,0.6999889,0.3000111
340,0.036983788,0.9630162
341,0.80362076,0.19637924
342,0.15433717,0.84566283
343,0.8961694,0.10383057
344,0.9912418,0.008758179
345,0.32188022,0.6781198
346,0.8940794,0.10592063
347,0.5479082,0.45209178
348,0.79995644,0.20004357
349,0.003471315,0.9965287
350,0.04275781,0.9572422
351,0.79922336,0.20077662
352,0.5118599,0.48814014
353,0.97951823,0.020481762
354,0.78318965,0.21681036
355,0.003913641,0.99608636
356,0.028066218,0.9719338
357,0.46179122,0.5382088
358,0.13741392,0.8625861
359,0.97006106,0.029938921
360,0.80437195,0.19562803
361,0.5380572,0.46194282
362,0.9732818,0.026718184
363,0.73547065,0.26452935
364,0.08051044,0.91948956
365,0.7675453,0.23245472
366,0.8987082,0.101291806
367,0.6973641,0.30263594
368,0.69202447,0.3079755
369,0.9702025,0.029797472
370,0.98721313,0.012786859
371,0.9385941,0.0614059
372,0.004782319,0.9952177
373,0.047532916,0.9524671
374,0.97609246,0.023907572
375,0.2812519,0.7187481
376,0.96622473,0.03377525
377,0.3830225,0.6169775
378,0.70135635,0.29864365
379,0.97652936,0.023470633
380,0.064910114,0.9350899
381,0.87067956,0.12932044
382,0.8497071,0.1502929
383,0.9954918,0.004508209
384,0.61095524,0.38904476
385,0.17307854,0.82692146
386,0.2579807,0.7420193
387,0.35808814,0.64191186
388,0.55239147,0.44760853
389,0.8972086,0.10279141
390,0.92505914,0.07494088
391,0.068190455,0.93180954
392,0.03662765,0.96337235
393,0.7074873,0.2925127
394,0.013897657,0.98610234
395,0.48933858,0.5106614
396,0.1447429,0.8552571
397,0.0011507273,0.9988493
398,0.38956696,0.61043304
399,0.08241099,0.917589
