,0,1
0,0.5651262,0.43487382
1,0.020982683,0.9790173
2,0.66928697,0.33071303
3,0.21082693,0.78917307
4,0.3047334,0.6952666
5,0.99773324,0.0022667677
6,0.07693255,0.92306745
7,0.09489149,0.9051085
8,0.98413163,0.015868355
9,0.8156186,0.18438141
10,0.37212735,0.62787265
11,0.008936286,0.9910637
12,0.93556887,0.06443113
13,0.45654237,0.5434576
14,0.9457907,0.05420929
15,0.15506184,0.84493816
16,0.8622947,0.13770536
17,0.86748123,0.13251877
18,0.96632546,0.03367452
19,0.90379703,0.096203
20,0.25353187,0.7464681
21,0.9638559,0.036144104
22,0.63444364,0.36555636
23,0.51906765,0.48093233
24,0.9385366,0.06146342
25,0.14067549,0.8593245
26,0.63715094,0.36284906
27,0.23115271,0.7688473
28,0.4213354,0.5786646
29,0.011367023,0.988633
30,0.52185136,0.47814864
31,0.96160394,0.03839604
32,0.031274796,0.9687252
33,0.027789354,0.97221065
34,0.85655963,0.14344034
35,0.8571781,0.14282194
36,0.99955636,0.00044365553
37,0.8398529,0.1601471
38,0.55216,0.44783998
39,0.7602194,0.23978062
40,0.6144632,0.38553676
41,0.14403939,0.8559606
42,0.94568896,0.05431105
43,0.7721029,0.22789711
44,0.8301956,0.16980441
45,0.047402024,0.952598
46,0.3246376,0.6753624
47,0.67353284,0.32646716
48,0.9329691,0.06703091
49,0.189327,0.810673
50,0.8310804,0.16891961
51,0.739,0.26099998
52,0.87305236,0.12694763
53,0.033298552,0.96670145
54,0.6450748,0.35492522
55,0.2728322,0.7271678
56,0.7983783,0.20162173
57,0.44991672,0.5500833
58,0.66813254,0.33186746
59,0.12767851,0.8723215
60,0.6602667,0.3397333
61,0.31246245,0.68753755
62,0.8878653,0.112134695
63,0.5475284,0.45247158
64,0.34984958,0.6501504
65,0.28577197,0.71422803
66,0.07248539,0.9275146
67,0.0903545,0.9096455
68,0.47629327,0.52370673
69,0.29377347,0.7062265
70,0.5971981,0.4028019
71,0.35866648,0.6413335
72,0.012719095,0.9872809
73,0.12635022,0.8736498
74,0.28309494,0.71690506
75,0.81706685,0.18293314
76,0.53879625,0.46120375
77,0.7654796,0.23452038
78,0.38751388,0.6124861
79,0.46572018,0.5342798
80,0.28282,0.71718
81,0.9787778,0.021222195
82,0.96708584,0.032914147
83,0.07261002,0.92739
84,0.8584057,0.14159432
85,0.017451942,0.98254806
86,0.006933093,0.9930669
87,0.24148923,0.75851077
88,0.98992085,0.010079124
89,0.50449955,0.49550042
90,0.10312486,0.89687514
91,0.3419587,0.6580413
92,0.3687759,0.6312241
93,0.7485763,0.25142372
94,0.21505207,0.78494793
95,0.95866656,0.04133342
96,0.16983289,0.8301671
97,0.30972046,0.69027954
98,0.9673142,0.03268581
99,0.8592616,0.14073843
100,0.1341722,0.8658278
101,0.025372207,0.9746278
102,0.99715716,0.0028428421
103,0.28833354,0.71166646
104,0.47398257,0.5260174
105,0.9731423,0.026857676
106,0.31131172,0.6886883
107,0.98112184,0.018878154
108,0.54162085,0.45837915
109,0.7220706,0.2779294
110,0.23870164,0.76129836
111,0.13195485,0.86804515
112,0.51156884,0.48843116
113,0.0012759566,0.99872404
114,0.104468346,0.89553165
115,0.12781078,0.8721892
116,0.0263412,0.9736588
117,0.014559209,0.9854408
118,0.99924403,0.000755994
119,0.72522604,0.274774
120,0.035550535,0.96444947
121,0.17188108,0.8281189
122,0.035155833,0.96484417
123,0.19252408,0.8074759
124,0.17162526,0.82837474
125,0.0025826693,0.99741733
126,0.9356722,0.064327784
127,0.9891964,0.010803594
128,0.7161592,0.28384075
129,0.8684926,0.13150738
130,0.7902984,0.20970161
131,0.4544887,0.5455113
132,0.9799492,0.020050852
133,0.040308714,0.9596913
134,0.1361224,0.8638776
135,0.31921035,0.68078965
136,0.57724154,0.4227585
137,0.99923635,0.0007636633
138,0.98239946,0.017600562
139,0.064621806,0.9353782
140,0.3935672,0.6064328
141,0.0140329,0.9859671
142,0.5564188,0.44358122
143,0.72350013,0.27649984
144,0.3358184,0.6641816
145,0.7293116,0.2706884
146,0.6309695,0.36903045
147,0.8666399,0.1333601
148,0.06899184,0.93100816
149,0.77907205,0.22092795
150,0.561374,0.438626
151,0.020590067,0.97940993
152,0.74181235,0.25818765
153,0.47018164,0.52981836
154,0.15915626,0.84084374
155,0.6505343,0.34946576
156,0.78789085,0.21210915
157,0.6794926,0.3205074
158,0.123738766,0.87626123
159,0.1490143,0.8509857
160,0.63821805,0.36178198
161,0.6272841,0.3727159
162,0.969283,0.03071701
163,0.18650407,0.81349593
164,0.9922554,0.007744591
165,0.34926146,0.65073854
166,0.9027862,0.09721382
167,0.80916685,0.19083314
168,0.5826371,0.4173629
169,0.95807993,0.041920066
170,0.86744404,0.13255595
171,0.9004373,0.099562705
172,0.0055191517,0.99448085
173,0.9860193,0.013980674
174,0.13282806,0.86717194
175,0.06375784,0.93624216
176,0.5585979,0.44140208
177,0.8653015,0.13469848
178,0.7658963,0.23410368
179,0.8800144,0.11998557
180,0.86853075,0.13146922
181,0.72349477,0.27650526
182,0.20949918,0.7905008
183,0.11264312,0.8873569
184,0.75146675,0.24853326
185,0.42972946,0.57027054
186,0.49734342,0.5026566
187,0.92610854,0.07389144
188,0.024299681,0.9757003
189,0.99873465,0.0012653731
190,0.95277184,0.047228165
191,0.023886502,0.9761135
192,0.9513584,0.048641607
193,0.11031824,0.88968176
194,0.38955885,0.61044115
195,0.8270131,0.17298692
196,0.7798857,0.22011428
197,0.7324029,0.26759705
198,0.06497651,0.9350235
199,0.6498271,0.35017285
200,0.012995064,0.98700494
201,0.8619981,0.1380019
202,0.8490136,0.15098636
203,0.92174214,0.07825785
204,0.86887145,0.13112853
205,0.43676245,0.56323755
206,0.99679226,0.0032077483
207,0.49136746,0.50863254
208,0.8639431,0.13605689
209,0.9932109,0.00678908
210,0.57739764,0.42260236
211,0.08956629,0.9104337
212,0.046683848,0.95331615
213,0.046644747,0.95335525
214,0.9633971,0.036602896
215,0.747808,0.252192
216,0.96954346,0.030456567
217,0.79004765,0.20995238
218,0.12018293,0.87981707
219,0.17412162,0.8258784
220,0.63194096,0.36805907
221,0.8713976,0.12860237
222,0.105517626,0.8944824
223,0.95327413,0.046725895
224,0.62066936,0.3793306
225,0.10694498,0.893055
226,0.12640369,0.8735963
227,0.23581642,0.7641836
228,0.0971359,0.9028641
229,0.06550753,0.93449247
230,0.11637968,0.8836203
231,0.93253,0.06747003
232,0.0067571998,0.9932428
233,0.31941724,0.68058276
234,0.09792715,0.90207285
235,0.07424712,0.9257529
236,0.6418252,0.35817483
237,0.31132615,0.68867385
238,0.40926695,0.59073305
239,0.3837546,0.6162454
240,0.025996387,0.9740036
241,0.15845424,0.84154576
242,0.65451944,0.34548056
243,0.63712156,0.3628784
244,0.52219415,0.47780585
245,0.83166796,0.16833203
246,0.40727895,0.59272105
247,0.9173658,0.08263419
248,0.9312806,0.06871942
249,0.99290544,0.007094574
250,0.9864325,0.013567529
251,0.23019898,0.769801
252,0.81359863,0.18640134
253,0.14105624,0.85894376
254,0.021028757,0.97897124
255,0.226075,0.773925
256,0.013098538,0.98690146
257,0.021312892,0.9786871
258,0.9982033,0.0017967273
259,0.48692846,0.51307154
260,0.13267452,0.8673255
261,0.5056089,0.49439105
262,0.026609063,0.97339094
263,0.9546358,0.045364216
264,0.1433047,0.8566953
265,0.15954274,0.84045726
266,0.11456543,0.88543457
267,0.6835442,0.31645578
268,0.34227526,0.65772474
269,0.7571248,0.24287519
270,0.967454,0.032545973
271,0.06671637,0.9332836
272,0.0023512244,0.9976488
273,0.37145406,0.62854594
274,0.7258313,0.27416876
275,0.15196037,0.8480396
276,0.46650356,0.53349644
277,0.95102865,0.04897136
278,0.7421431,0.2578569
279,0.921761,0.078239
280,0.57664144,0.4233586
281,0.4339342,0.5660658
282,0.6348896,0.36511043
283,0.02228874,0.97771126
284,0.05363047,0.9463695
285,0.74260736,0.25739262
286,0.40000486,0.59999514
287,0.97682995,0.023170043
288,0.057345152,0.94265485
289,0.9393384,0.060661618
290,0.024057865,0.97594213
291,0.23881578,0.7611842
292,0.6284057,0.37159434
293,0.97284615,0.027153859
294,0.87337744,0.12662259
295,0.7474971,0.25250292
296,0.9779468,0.022053182
297,0.0142021775,0.9857978
298,0.6652563,0.33474368
299,0.76712316,0.23287685
300,0.44534552,0.5546545
301,0.39709753,0.6029025
302,0.56442475,0.43557522
303,0.37386823,0.6261318
304,0.88715976,0.11284024
305,0.9255735,0.07442648
306,0.06857598,0.931424
307,0.04721111,0.9527889
308,0.35914475,0.64085525
309,0.082650006,0.91735
310,0.16574079,0.8342592
311,0.86489993,0.13510008
312,0.054682434,0.94531757
313,0.510563,0.48943695
314,0.95841116,0.041588858
315,0.91969013,0.08030984
316,0.031220675,0.9687793
317,0.9162706,0.08372936
318,0.78255856,0.21744144
319,0.08532411,0.9146759
320,0.9626507,0.03734928
321,0.8432993,0.15670069
322,0.8129547,0.18704529
323,0.026115716,0.9738843
324,0.64746547,0.3525345
325,0.44981658,0.5501834
326,0.016704977,0.983295
327,0.89687043,0.10312959
328,0.9366774,0.06332259
329,0.07765651,0.9223435
330,0.41042,0.58958
331,0.21911842,0.7808816
332,0.14945853,0.8505415
333,0.1393745,0.8606255
334,0.36165625,0.63834375
335,0.4315216,0.5684784
336,0.27833796,0.72166204
337,0.005268693,0.9947313
338,0.49368626,0.50631374
339,0.48281544,0.51718456
340,0.28960013,0.71039987
341,0.893275,0.106724955
342,0.96174145,0.03825855
343,0.03217405,0.96782595
344,0.5693256,0.43067437
345,0.44924384,0.55075616
346,0.94914806,0.05085194
347,0.2252996,0.7747004
348,0.9769316,0.023068408
349,0.0751214,0.9248786
350,0.114260375,0.8857396
351,0.96400684,0.03599316
352,0.086679876,0.9133201
353,0.6725068,0.3274932
354,0.16438973,0.8356103
355,0.3265438,0.6734562
356,0.036619008,0.963381
357,0.03414458,0.9658554
358,0.8056121,0.19438791
359,0.96197677,0.038023263
360,0.47018963,0.52981037
361,0.34068906,0.65931094
362,0.94338876,0.056611255
363,0.7225448,0.27745518
364,0.008041978,0.991958
365,0.94053,0.05946997
366,0.99104697,0.008953055
367,0.27048755,0.72951245
368,0.4385994,0.5614006
369,0.9940968,0.0059031784
370,0.32855034,0.67144966
371,0.5496141,0.45038596
372,0.16855204,0.83144796
373,0.03971082,0.9602892
374,0.63958263,0.36041737
375,0.6477984,0.3522016
376,0.9854545,0.014545499
377,0.9350894,0.06491059
378,0.014329493,0.9856705
379,0.9724579,0.027542131
380,0.18314624,0.81685376
381,0.7052731,0.2947269
382,0.8463489,0.15365112
383,0.96004754,0.039952457
384,0.29780358,0.7021964
385,0.0541206,0.9458794
386,0.26122397,0.738776
387,0.12632042,0.8736796
388,0.31170565,0.68829435
389,0.8930349,0.1069651
390,0.40951568,0.5904843
391,0.0075449944,0.992455
392,0.008974135,0.99102587
393,0.57482266,0.42517737
394,0.15277386,0.84722614
395,0.7547234,0.24527654
396,0.6871197,0.31288028
397,0.049311817,0.9506882
398,0.07102364,0.92897636
399,0.7506243,0.24937572
