,0,1
0,0.043675244,0.95632476
1,0.027305841,0.97269416
2,0.7116909,0.2883091
3,0.7981362,0.20186384
4,0.19131607,0.80868393
5,0.99401975,0.0059802365
6,0.66186786,0.33813217
7,0.7949814,0.20501858
8,0.9871056,0.012894373
9,0.902332,0.097667985
10,0.09633356,0.90366644
11,0.10010123,0.89989877
12,0.90592706,0.09407293
13,0.07393712,0.9260629
14,0.9345196,0.065480396
15,0.5771642,0.42283583
16,0.88486576,0.11513427
17,0.9515023,0.048497677
18,0.9019671,0.098032914
19,0.98596,0.0140399905
20,0.6016628,0.3983372
21,0.61637676,0.38362327
22,0.23197901,0.768021
23,0.49195486,0.50804514
24,0.8613319,0.1386681
25,0.7902562,0.20974378
26,0.63226163,0.36773837
27,0.5302305,0.46976948
28,0.39515334,0.60484666
29,0.0014322996,0.9985677
30,0.57635033,0.4236497
31,0.9228366,0.07716339
32,0.3979422,0.6020578
33,0.17331707,0.8266829
34,0.89095026,0.10904976
35,0.9839827,0.016017307
36,0.9981005,0.001899474
37,0.9396781,0.060321923
38,0.68066645,0.31933358
39,0.15010983,0.8498902
40,0.041100383,0.9588996
41,0.7447287,0.25527132
42,0.74383616,0.25616387
43,0.0755316,0.9244684
44,0.8468785,0.15312149
45,0.01763618,0.9823638
46,0.4364403,0.5635597
47,0.37107474,0.62892526
48,0.96021783,0.039782144
49,0.10257262,0.8974274
50,0.41855574,0.58144426
51,0.9648484,0.035151612
52,0.92926407,0.07073594
53,0.28485078,0.7151492
54,0.5095892,0.49041083
55,0.6370823,0.36291772
56,0.19722766,0.80277234
57,0.45988595,0.54011405
58,0.6830912,0.31690878
59,0.06444627,0.9355537
60,0.064986646,0.93501335
61,0.35036594,0.64963406
62,0.9254198,0.07458019
63,0.025354862,0.97464514
64,0.43800074,0.56199926
65,0.102382004,0.897618
66,0.21305013,0.7869499
67,0.0009415746,0.9990584
68,0.5842432,0.41575685
69,0.10282612,0.8971739
70,0.5160435,0.48395652
71,0.2349419,0.7650581
72,0.00068080425,0.9993192
73,0.837995,0.16200499
74,0.21347207,0.78652793
75,0.99758977,0.0024102519
76,0.7982204,0.20177962
77,0.023535073,0.9764649
78,0.079524994,0.920475
79,0.26718062,0.7328194
80,0.043227732,0.95677227
81,0.24968612,0.7503139
82,0.9213846,0.07861546
83,0.09199333,0.90800667
84,0.59778154,0.40221843
85,0.043047965,0.95695204
86,0.052675664,0.94732434
87,0.9317485,0.06825149
88,0.9824059,0.017594108
89,0.5328282,0.46717182
90,0.50264,0.49736
91,0.021650791,0.9783492
92,0.072105825,0.9278942
93,0.15530688,0.8446931
94,0.9681086,0.031891428
95,0.9349221,0.065077886
96,0.104092956,0.89590704
97,0.27256584,0.72743416
98,0.9086011,0.09139887
99,0.9980753,0.0019246716
100,0.11323464,0.88676536
101,0.06768197,0.93231803
102,0.99485517,0.0051448485
103,0.5654259,0.4345741
104,0.39951402,0.600486
105,0.2588266,0.7411734
106,0.8192208,0.18077922
107,0.9502567,0.049743295
108,0.39967853,0.6003215
109,0.8059819,0.19401816
110,0.13117194,0.86882806
111,0.36539465,0.63460535
112,0.08505523,0.91494477
113,0.028788626,0.9712114
114,0.1286217,0.8713783
115,0.07192463,0.9280754
116,0.00058472157,0.9994153
117,0.027575672,0.9724243
118,0.9865635,0.013436488
119,0.8753726,0.12462743
120,0.00989306,0.99010694
121,0.026839793,0.9731602
122,0.07502222,0.9249778
123,0.2792107,0.7207893
124,0.3863361,0.6136639
125,0.05033505,0.94966495
126,0.2927698,0.7072302
127,0.9479573,0.05204273
128,0.5021131,0.49788693
129,0.9115863,0.088413686
130,0.19335777,0.80664223
131,0.35074067,0.6492593
132,0.9910874,0.008912634
133,0.36479044,0.63520956
134,0.1672079,0.8327921
135,0.7625344,0.23746562
136,0.18112904,0.81887096
137,0.96813864,0.03186139
138,0.7378074,0.26219258
139,0.34842908,0.6515709
140,0.7061362,0.2938638
141,0.011613429,0.9883866
142,0.9354528,0.06454715
143,0.31484044,0.68515956
144,0.015525103,0.9844749
145,0.5288625,0.47113755
146,0.88800955,0.111990474
147,0.9249571,0.07504291
148,0.030772269,0.96922773
149,0.85985845,0.14014153
150,0.92173386,0.07826617
151,0.1909219,0.8090781
152,0.4840619,0.5159381
153,0.31302196,0.68697804
154,0.16756922,0.8324308
155,0.7046398,0.29536024
156,0.9343859,0.06561409
157,0.5925021,0.40749788
158,0.1766693,0.8233307
159,0.10859525,0.89140475
160,0.85583,0.14417
161,0.96276706,0.037232958
162,0.9702266,0.029773412
163,0.083565414,0.9164346
164,0.9893984,0.010601599
165,0.47295845,0.52704155
166,0.44143426,0.55856574
167,0.8030307,0.1969693
168,0.9247227,0.07527731
169,0.983838,0.016161984
170,0.095472515,0.9045275
171,0.21822917,0.7817708
172,0.9687072,0.03129278
173,0.7993546,0.20064537
174,0.021974623,0.9780254
175,0.035559595,0.9644404
176,0.81347245,0.18652754
177,0.9883511,0.0116488645
178,0.8350007,0.16499929
179,0.3705278,0.6294722
180,0.09624505,0.90375495
181,0.9310436,0.068956375
182,0.09964782,0.9003522
183,0.009155452,0.99084455
184,0.25315928,0.7468407
185,0.062482238,0.93751776
186,0.9206559,0.079344116
187,0.19620508,0.8037949
188,0.03179896,0.96820104
189,0.9875882,0.012411786
190,0.85412437,0.14587565
191,0.0044832826,0.9955167
192,0.7759701,0.2240299
193,0.05616629,0.9438337
194,0.034883857,0.96511614
195,0.3253975,0.6746025
196,0.281771,0.718229
197,0.14259428,0.8574057
198,0.016760647,0.98323935
199,0.16661054,0.83338946
200,0.024665058,0.97533494
201,0.8849,0.115100056
202,0.8692609,0.13073911
203,0.91269034,0.08730968
204,0.68279773,0.31720227
205,0.97680736,0.023192614
206,0.9831802,0.016819788
207,0.18700337,0.8129966
208,0.8288093,0.17119068
209,0.95933163,0.04066838
210,0.70683146,0.29316851
211,0.4043755,0.5956245
212,0.64136446,0.35863551
213,0.15460163,0.84539837
214,0.942922,0.05707799
215,0.29443502,0.705565
216,0.77204263,0.22795735
217,0.9811543,0.018845651
218,0.6800809,0.3199191
219,0.864139,0.13586096
220,0.23861355,0.76138645
221,0.77578974,0.22421028
222,0.47279304,0.52720696
223,0.9949114,0.0050886
224,0.8237217,0.17627828
225,0.0003928542,0.99960715
226,0.22626537,0.7737346
227,0.21171719,0.7882828
228,0.87190944,0.12809056
229,0.032894075,0.9671059
230,0.2486608,0.7513392
231,0.49690634,0.50309366
232,0.018072248,0.98192775
233,0.5756807,0.42431933
234,0.57546276,0.42453724
235,0.046805203,0.9531948
236,0.60068834,0.39931163
237,0.46811634,0.53188366
238,0.06291634,0.93708366
239,0.3579653,0.6420347
240,0.0113658905,0.9886341
241,0.09716982,0.9028302
242,0.015800118,0.9841999
243,0.041439295,0.9585607
244,0.08411312,0.9158869
245,0.22763962,0.7723604
246,0.042019606,0.9579804
247,0.72244215,0.27755785
248,0.578439,0.42156097
249,0.981744,0.018256016
250,0.90867305,0.09132696
251,0.37789446,0.62210554
252,0.8955055,0.104494505
253,0.11397523,0.8860248
254,0.29074514,0.70925486
255,0.08853865,0.91146135
256,0.6833176,0.3166824
257,0.19081259,0.8091874
258,0.9951657,0.0048342915
259,0.10276455,0.89723545
260,0.57740057,0.42259946
261,0.38325787,0.61674213
262,0.015370488,0.9846295
263,0.9770585,0.02294154
264,0.5884973,0.41150272
265,0.22267449,0.7773255
266,0.2002427,0.7997573
267,0.030712366,0.96928763
268,0.75348175,0.24651825
269,0.6630719,0.33692816
270,0.96653575,0.033464253
271,0.6720514,0.32794857
272,0.007440448,0.99255955
273,0.2849263,0.7150737
274,0.14675486,0.85324514
275,0.26823997,0.73176
276,0.96586627,0.034133706
277,0.5824977,0.41750228
278,0.50591516,0.49408484
279,0.89001256,0.10998744
280,0.5049919,0.49500808
281,0.88258755,0.11741244
282,0.9504568,0.049543187
283,0.51050127,0.4894987
284,0.10209477,0.89790523
285,0.83616745,0.16383252
286,0.5292909,0.47070912
287,0.9508361,0.04916388
288,0.086879194,0.9131208
289,0.7489313,0.2510687
290,0.24286497,0.75713503
291,0.15991217,0.84008783
292,0.34992886,0.65007114
293,0.6032268,0.39677322
294,0.8405032,0.15949678
295,0.97599876,0.024001228
296,0.116980374,0.8830196
297,0.06933528,0.9306647
298,0.05994892,0.9400511
299,0.00992924,0.99007076
300,0.83182424,0.16817577
301,0.23370713,0.76629287
302,0.2807923,0.7192077
303,0.033301413,0.9666986
304,0.64794683,0.3520532
305,0.19713652,0.8028635
306,0.03585756,0.96414244
307,0.20697552,0.7930245
308,0.18472105,0.81527895
309,0.03739488,0.9626051
310,0.90412575,0.095874265
311,0.79948217,0.20051783
312,0.3675441,0.6324559
313,0.47664762,0.5233524
314,0.43978304,0.56021696
315,0.93403655,0.06596347
316,0.06263405,0.93736595
317,0.12344092,0.8765591
318,0.36018467,0.63981533
319,0.07156867,0.92843133
320,0.96491134,0.03508863
321,0.99518716,0.004812819
322,0.43228436,0.56771564
323,0.094337046,0.90566295
324,0.8514255,0.14857446
325,0.92879564,0.07120435
326,0.027208447,0.97279155
327,0.9725576,0.027442386
328,0.86620545,0.13379452
329,0.7138457,0.28615433
330,0.9944851,0.0055148993
331,0.38434565,0.61565435
332,0.01962912,0.9803709
333,0.25068235,0.74931765
334,0.35478973,0.64521027
335,0.8753508,0.124649204
336,0.46258956,0.53741044
337,0.49642336,0.50357664
338,0.17064255,0.82935745
339,0.94818854,0.051811475
340,0.15070671,0.8492933
341,0.63006335,0.36993665
342,0.8923372,0.10766282
343,0.32385004,0.67614996
344,0.8253566,0.1746434
345,0.94241214,0.057587884
346,0.8872994,0.11270058
347,0.16870844,0.83129156
348,0.18686247,0.81313753
349,0.003772378,0.9962276
350,0.30424285,0.69575715
351,0.9112787,0.0887213
352,0.5294192,0.47058085
353,0.9549819,0.045018073
354,0.73098004,0.26901993
355,0.0013831854,0.9986168
356,0.042614043,0.95738596
357,0.0208987,0.9791013
358,0.74069595,0.25930402
359,0.91638917,0.08361081
360,0.9059727,0.09402727
361,0.7717191,0.22828087
362,0.87142,0.12857997
363,0.67655206,0.32344797
364,0.5175148,0.48248518
365,0.7624388,0.23756123
366,0.9864347,0.013565282
367,0.11704898,0.882951
368,0.7600213,0.23997867
369,0.96112466,0.038875356
370,0.8581653,0.14183469
371,0.9299328,0.07006723
372,0.0023856163,0.9976144
373,0.085375726,0.9146243
374,0.9546759,0.04532411
375,0.19802439,0.8019756
376,0.83988523,0.16011475
377,0.561936,0.43806398
378,0.72787595,0.27212405
379,0.5535199,0.4464801
380,0.08016354,0.91983646
381,0.9031818,0.096818216
382,0.44185048,0.5581495
383,0.9509897,0.04901029
384,0.19990021,0.8000998
385,0.028752327,0.9712477
386,0.33227932,0.6677207
387,0.043142498,0.9568575
388,0.15030247,0.84969753
389,0.61115634,0.38884363
390,0.8746831,0.12531692
391,0.14890057,0.85109943
392,0.008430898,0.9915691
393,0.065473914,0.9345261
394,0.24360448,0.7563955
395,0.48976886,0.51023114
396,0.07119781,0.9288022
397,0.005322695,0.9946773
398,0.44267648,0.5573235
399,0.37637758,0.6236224
