,0,1
0,0.0031496882,0.9968503
1,0.01101619,0.9889838
2,0.83542323,0.1645768
3,0.4050607,0.5949393
4,0.51749814,0.4825019
5,0.9968937,0.0031063184
6,0.33339196,0.66660804
7,0.29777205,0.70222795
8,0.8971835,0.102816515
9,0.96615607,0.033843935
10,0.5031389,0.49686107
11,0.0016312003,0.9983688
12,0.90397197,0.09602803
13,0.06043303,0.93956697
14,0.9261951,0.07380494
15,0.95302296,0.04697705
16,0.8422128,0.1577872
17,0.9595876,0.040412445
18,0.98755294,0.012447086
19,0.9576634,0.042336605
20,0.7237695,0.2762305
21,0.74753326,0.25246674
22,0.083544254,0.91645575
23,0.11287159,0.8871284
24,0.8435789,0.15642114
25,0.9279327,0.07206734
26,0.25222713,0.7477729
27,0.21398312,0.7860169
28,0.5956749,0.40432513
29,0.0007378459,0.99926215
30,0.8054377,0.19456232
31,0.5480931,0.45190692
32,0.657886,0.342114
33,0.018626928,0.9813731
34,0.5021138,0.4978862
35,0.6896019,0.3103981
36,0.99989647,0.00010354944
37,0.8931419,0.10685807
38,0.816483,0.18351696
39,0.43199104,0.56800896
40,0.009434581,0.9905654
41,0.6270751,0.37292495
42,0.65160286,0.34839717
43,0.52103794,0.47896203
44,0.9649117,0.03508833
45,0.041012168,0.95898783
46,0.6901489,0.3098511
47,0.674459,0.32554102
48,0.9527186,0.047281377
49,0.032127738,0.96787226
50,0.66215205,0.33784795
51,0.9736103,0.02638972
52,0.9613417,0.0386583
53,0.069337726,0.9306623
54,0.30874586,0.69125414
55,0.7794168,0.2205832
56,0.31092077,0.6890792
57,0.68694353,0.31305644
58,0.5205164,0.4794836
59,0.024481237,0.97551876
60,0.26715255,0.73284745
61,0.8716669,0.1283331
62,0.90405035,0.09594964
63,0.021716118,0.9782839
64,0.21257323,0.78742677
65,0.32154554,0.67845446
66,0.008827031,0.99117297
67,0.00045835972,0.99954164
68,0.9407399,0.059260063
69,0.2727561,0.7272439
70,0.9136698,0.08633017
71,0.12935942,0.8706406
72,0.0004785061,0.9995215
73,0.20871705,0.79128295
74,0.54996186,0.45003814
75,0.9694052,0.030594833
76,0.30260617,0.69739383
77,0.7415533,0.25844666
78,0.23634541,0.7636546
79,0.27382267,0.72617733
80,0.21996623,0.78003377
81,0.8258979,0.17410213
82,0.9912448,0.008755182
83,0.06507039,0.9349296
84,0.98749006,0.012509964
85,0.06923336,0.93076664
86,0.04817134,0.95182866
87,0.9555803,0.044419684
88,0.9964734,0.0035266092
89,0.9152605,0.08473949
90,0.48700815,0.51299185
91,0.06262815,0.93737185
92,0.18743056,0.81256944
93,0.94471955,0.055280425
94,0.8600195,0.13998048
95,0.9244652,0.07553484
96,0.0035941005,0.9964059
97,0.11645329,0.8835467
98,0.9788459,0.021154093
99,0.98353595,0.016464029
100,0.1330117,0.8669883
101,0.0039779544,0.99602205
102,0.9994352,0.00056481414
103,0.34793514,0.65206486
104,0.9719765,0.028023453
105,0.9216016,0.07839842
106,0.61158156,0.38841844
107,0.9801729,0.019827135
108,0.60628825,0.39371175
109,0.13730192,0.8626981
110,0.15294528,0.8470547
111,0.9946055,0.0053945105
112,0.19673377,0.8032662
113,0.01767999,0.98232
114,0.5454037,0.45459625
115,0.08922368,0.9107763
116,0.0013117194,0.9986883
117,0.006446719,0.9935533
118,0.96980155,0.030198462
119,0.9699485,0.03005154
120,0.016221762,0.98377824
121,0.010168374,0.9898316
122,0.039796114,0.9602039
123,0.06104952,0.9389505
124,0.4571591,0.5428409
125,0.008242071,0.9917579
126,0.6223023,0.37769768
127,0.97656584,0.023434164
128,0.73564994,0.26435003
129,0.9687507,0.031249315
130,0.5495038,0.45049617
131,0.058980644,0.94101936
132,0.8853268,0.11467321
133,0.51889867,0.48110133
134,0.041089237,0.95891076
135,0.43548018,0.5645198
136,0.47839844,0.52160156
137,0.98807603,0.011923996
138,0.4228083,0.5771917
139,0.45706654,0.54293346
140,0.05875933,0.94124067
141,0.0012667775,0.9987332
142,0.94465995,0.05534007
143,0.18137693,0.81862307
144,0.07013923,0.9298608
145,0.82384384,0.17615615
146,0.9709898,0.0290102
147,0.92510456,0.07489543
148,0.05719906,0.94280094
149,0.92796516,0.072034836
150,0.8318355,0.1681645
151,0.28151488,0.7184851
152,0.9725233,0.027476748
153,0.761197,0.238803
154,0.05291933,0.9470807
155,0.8247153,0.17528468
156,0.9557879,0.044212077
157,0.26026553,0.7397345
158,0.8701084,0.12989156
159,0.09787673,0.9021233
160,0.39160442,0.6083956
161,0.7558237,0.24417634
162,0.75564706,0.24435297
163,0.69997716,0.30002287
164,0.9869536,0.013046393
165,0.09940958,0.9005904
166,0.918508,0.081492
167,0.58669615,0.41330382
168,0.9967685,0.0032315047
169,0.9975463,0.002453699
170,0.05629438,0.9437056
171,0.7934941,0.2065059
172,0.012883604,0.9871164
173,0.89978653,0.10021348
174,0.019946396,0.9800536
175,0.024313271,0.9756867
176,0.96730405,0.032695945
177,0.9406929,0.059307095
178,0.8189656,0.18103437
179,0.8113719,0.18862805
180,0.7510241,0.24897586
181,0.6984751,0.3015249
182,0.0827499,0.9172501
183,0.0053759217,0.9946241
184,0.44534963,0.55465037
185,0.12693924,0.87306076
186,0.5600106,0.4399894
187,0.5373124,0.4626876
188,0.0022602081,0.9977398
189,0.9865206,0.013479386
190,0.9273013,0.072698705
191,0.032628,0.967372
192,0.82717294,0.17282708
193,0.13185322,0.8681468
194,0.053407073,0.9465929
195,0.41646278,0.5835372
196,0.7104621,0.2895379
197,0.61717296,0.382827
198,0.0032986999,0.9967013
199,0.02472508,0.9752749
200,0.003816545,0.99618345
201,0.98882747,0.01117253
202,0.8713444,0.12865561
203,0.96677935,0.033220675
204,0.99165916,0.008340845
205,0.80090153,0.19909844
206,0.99841565,0.0015843329
207,0.24747258,0.7525274
208,0.36562425,0.63437575
209,0.73754877,0.26245123
210,0.6546525,0.34534755
211,0.8005316,0.19946837
212,0.10269189,0.8973081
213,0.0027214885,0.9972785
214,0.9311296,0.06887043
215,0.18380302,0.816197
216,0.9401342,0.059865776
217,0.98605597,0.013944022
218,0.70845747,0.2915425
219,0.054819107,0.9451809
220,0.5396034,0.4603966
221,0.95747477,0.04252522
222,0.3176993,0.6823007
223,0.9758353,0.024164671
224,0.34779757,0.6522024
225,0.00079756975,0.99920243
226,0.3222044,0.6777956
227,0.6596321,0.34036788
228,0.97041863,0.029581353
229,0.13149792,0.8685021
230,0.16427684,0.83572316
231,0.91569936,0.08430067
232,0.0033317208,0.9966683
233,0.68854463,0.3114554
234,0.9576033,0.042396713
235,0.1484524,0.8515476
236,0.660898,0.33910203
237,0.6132844,0.3867156
238,0.37914252,0.6208575
239,0.15121531,0.8487847
240,0.061992586,0.9380074
241,0.053590775,0.9464092
242,0.141833,0.858167
243,0.20629805,0.79370195
244,0.25518304,0.74481696
245,0.13151282,0.8684872
246,0.06967503,0.930325
247,0.9760713,0.02392869
248,0.65721476,0.3427852
249,0.9879521,0.012047915
250,0.99126035,0.0087396735
251,0.18161142,0.8183886
252,0.80588984,0.19411013
253,0.5799786,0.42002144
254,0.0005105734,0.9994894
255,0.034626544,0.96537346
256,0.89726865,0.10273135
257,0.052229166,0.94777083
258,0.9933467,0.0066533387
259,0.6184951,0.38150492
260,0.16674286,0.83325714
261,0.11670637,0.8832936
262,0.0020497441,0.99795026
263,0.9858143,0.01418571
264,0.20059097,0.79940903
265,0.5182165,0.48178348
266,0.29895806,0.70104194
267,0.06097603,0.939024
268,0.075428486,0.9245715
269,0.24713564,0.75286436
270,0.9811012,0.018898796
271,0.4774254,0.5225746
272,0.0041005015,0.9958995
273,0.1678291,0.8321709
274,0.8744794,0.1255206
275,0.13082045,0.86917955
276,0.9440997,0.05590025
277,0.9591677,0.04083229
278,0.77833605,0.22166398
279,0.8653613,0.13463871
280,0.17020983,0.8297902
281,0.15831077,0.8416892
282,0.62737167,0.3726283
283,0.8007585,0.19924155
284,0.8976072,0.10239276
285,0.98803973,0.011960287
286,0.03288716,0.96711284
287,0.99790263,0.0020973475
288,0.07773548,0.9222645
289,0.9204664,0.07953356
290,0.077626586,0.9223734
291,0.047956765,0.95204324
292,0.54864645,0.45135355
293,0.22988904,0.77011096
294,0.86747116,0.13252884
295,0.93786144,0.062138543
296,0.2902165,0.7097835
297,0.016302168,0.98369783
298,0.015939057,0.98406094
299,0.012218952,0.98778105
300,0.61943144,0.38056856
301,0.076794624,0.9232054
302,0.58309895,0.41690105
303,0.070626676,0.9293733
304,0.9161463,0.08385369
305,0.85077983,0.14922017
306,0.038699508,0.9613005
307,0.25097263,0.7490274
308,0.057982743,0.94201726
309,0.47426283,0.52573717
310,0.6586971,0.3413029
311,0.8204515,0.17954853
312,0.056494772,0.9435052
313,0.8618659,0.13813415
314,0.97343296,0.02656707
315,0.97415704,0.02584298
316,0.061112165,0.93888783
317,0.07645351,0.9235465
318,0.28053367,0.7194663
319,0.034929693,0.9650703
320,0.9482326,0.05176742
321,0.9818225,0.018177506
322,0.13229936,0.86770064
323,0.045623064,0.95437694
324,0.27770483,0.72229517
325,0.6563932,0.34360683
326,0.0033681989,0.9966318
327,0.9346063,0.0653937
328,0.93803096,0.061969023
329,0.84077066,0.15922932
330,0.99094296,0.009057036
331,0.16162395,0.83837605
332,0.031572282,0.9684277
333,0.58794117,0.4120588
334,0.75677335,0.24322662
335,0.98221856,0.017781455
336,0.20858598,0.791414
337,0.39717185,0.60282815
338,0.3789165,0.6210835
339,0.6992276,0.30077246
340,0.007760048,0.99223995
341,0.17146736,0.82853264
342,0.8566181,0.1433819
343,0.81990695,0.18009302
344,0.9516351,0.048364855
345,0.82320815,0.17679183
346,0.98079866,0.019201355
347,0.06823021,0.9317698
348,0.33641988,0.6635801
349,0.008451223,0.9915488
350,0.09301126,0.90698874
351,0.9552509,0.044749096
352,0.4867475,0.5132525
353,0.96312225,0.036877736
354,0.33726615,0.66273385
355,0.003345728,0.9966543
356,0.038795352,0.96120465
357,0.05227542,0.9477246
358,0.16532856,0.83467144
359,0.96539104,0.034608953
360,0.8839933,0.11600665
361,0.083743095,0.9162569
362,0.9554897,0.04451033
363,0.7371355,0.2628645
364,0.10827762,0.8917224
365,0.94587624,0.054123763
366,0.98304325,0.016956719
367,0.3096133,0.6903867
368,0.06811988,0.9318801
369,0.9902309,0.0097690765
370,0.75960094,0.24039906
371,0.98442614,0.015573863
372,0.0028128028,0.9971872
373,0.059184194,0.9408158
374,0.99156547,0.008434557
375,0.5125425,0.48745754
376,0.66731083,0.33268917
377,0.8100035,0.18999651
378,0.2760734,0.7239266
379,0.9172206,0.08277944
380,0.2509479,0.7490521
381,0.883576,0.116424024
382,0.69243896,0.30756104
383,0.97105974,0.028940266
384,0.29101408,0.7089859
385,0.01999998,0.98
386,0.6941066,0.30589345
387,0.2164607,0.7835393
388,0.23718715,0.76281285
389,0.3995862,0.6004138
390,0.52975476,0.47024524
391,0.20628673,0.7937133
392,0.005523145,0.99447685
393,0.5036562,0.4963438
394,0.5566421,0.44335788
395,0.8733268,0.12667325
396,0.01969695,0.98030305
397,0.0018711686,0.99812883
398,0.45077318,0.5492268
399,0.292423,0.707577
