,0,1
0,0.7783904,0.2216096
1,0.9884918,0.011508241
2,0.28326666,0.71673334
3,0.9884918,0.011508241
4,0.9884918,0.011508241
5,0.9884918,0.011508241
6,0.9884918,0.011508241
7,0.5167835,0.48321652
8,0.9884918,0.011508241
9,0.9946521,0.005347926
10,0.9935831,0.006416945
11,0.30971372,0.6902863
12,0.9884918,0.011508241
13,0.9884918,0.011508241
14,0.9976899,0.002310071
15,0.97131455,0.02868546
16,0.9884918,0.011508241
17,0.99514353,0.004856454
18,0.9098772,0.09012284
19,0.9955246,0.0044754
20,0.9884918,0.011508241
21,0.9169771,0.08302289
22,0.9884918,0.011508241
23,0.9884918,0.011508241
24,0.9884918,0.011508241
25,0.9955246,0.0044754
26,0.91728675,0.08271324
27,0.993712,0.006287977
28,0.99171805,0.008281931
29,0.9884918,0.011508241
30,0.99040073,0.009599242
31,0.9884918,0.011508241
32,0.9884918,0.011508241
33,0.9884918,0.011508241
34,0.9884918,0.011508241
35,0.99777037,0.0022296496
36,0.9942211,0.0057789143
37,0.993061,0.006938996
38,0.9884918,0.011508241
39,0.9884918,0.011508241
40,0.9884918,0.011508241
41,0.9884918,0.011508241
42,0.9884918,0.011508241
43,0.9884918,0.011508241
44,0.9884918,0.011508241
45,0.9860939,0.013906132
46,0.019541621,0.9804584
47,0.978783,0.021217009
48,0.9884918,0.011508241
49,0.9884918,0.011508241
50,0.996569,0.0034310368
51,0.99938554,0.00061446114
52,0.98886406,0.011135945
53,0.9884918,0.011508241
54,0.056623578,0.9433764
55,0.12795812,0.8720419
56,0.9833084,0.01669162
57,0.9420308,0.05796922
58,0.9884918,0.011508241
59,0.9884918,0.011508241
60,0.9884918,0.011508241
61,0.9884918,0.011508241
62,0.94787854,0.052121487
63,0.9990583,0.0009416945
64,0.9976899,0.002310071
65,0.03224206,0.96775794
66,0.9884918,0.011508241
67,0.04080665,0.95919335
68,0.9884918,0.011508241
69,0.9884918,0.011508241
70,0.8796524,0.12034764
71,0.9884918,0.011508241
72,0.9976899,0.002310071
73,0.9916972,0.008302781
74,0.9976899,0.002310071
75,0.9884918,0.011508241
76,0.9884918,0.011508241
77,0.9884918,0.011508241
78,0.9916972,0.008302781
79,0.99777037,0.0022296496
80,0.88664365,0.11335636
81,0.9981293,0.0018706778
82,0.9920202,0.007979799
83,0.99384904,0.006150957
84,0.97160524,0.028394762
85,0.99171805,0.008281931
86,0.99171805,0.008281931
87,0.9884918,0.011508241
88,0.9884918,0.011508241
89,0.0024130344,0.99758697
90,0.9884918,0.011508241
91,0.99171805,0.008281931
92,0.0074344873,0.9925655
93,0.9884918,0.011508241
94,0.99272114,0.0072788857
95,0.99514353,0.004856454
96,0.9884918,0.011508241
97,0.9884918,0.011508241
98,0.9884918,0.011508241
99,0.9955246,0.0044754
100,0.9955246,0.0044754
101,0.9884918,0.011508241
102,0.998034,0.0019659998
103,0.94320905,0.056790933
104,0.9920202,0.007979799
105,0.23556674,0.76443326
106,0.00062662363,0.9993734
107,0.976856,0.023144009
108,0.99217874,0.007821279
109,0.99147105,0.008528966
110,0.9884918,0.011508241
111,0.9884918,0.011508241
112,0.9884918,0.011508241
113,0.997027,0.0029730233
114,0.99568886,0.00431117
115,0.9920202,0.007979799
116,0.9753007,0.024699267
117,0.9884918,0.011508241
118,0.014091909,0.9859081
119,0.0015034676,0.99849653
120,0.03611195,0.96388805
121,0.9884918,0.011508241
122,0.005857289,0.9941427
123,0.9884918,0.011508241
124,0.9884918,0.011508241
125,0.9964855,0.003514528
126,0.9884918,0.011508241
127,0.96911126,0.03088872
128,0.9884918,0.011508241
129,0.96859276,0.03140721
130,0.9884918,0.011508241
131,0.9935831,0.006416945
132,0.9960261,0.003973904
133,0.97035915,0.029640874
134,0.9884918,0.011508241
135,0.9884918,0.011508241
136,0.9884918,0.011508241
137,0.9884918,0.011508241
138,0.9884918,0.011508241
139,0.9884918,0.011508241
140,0.9884918,0.011508241
141,0.9884918,0.011508241
142,0.9963543,0.0036457097
143,0.9936373,0.006362651
144,0.9884918,0.011508241
145,0.9974461,0.002553883
146,0.9884918,0.011508241
147,0.9884918,0.011508241
148,0.9884918,0.011508241
149,0.9971993,0.0028007058
150,0.9884918,0.011508241
151,0.9884918,0.011508241
152,0.9884918,0.011508241
153,0.8774787,0.122521274
154,0.010676801,0.9893232
155,0.9884918,0.011508241
156,0.9537745,0.046225477
157,0.99427575,0.005724243
158,0.0064183474,0.99358165
159,0.92104733,0.07895265
160,0.98062396,0.019376066
161,0.0023120642,0.99768794
162,0.9884918,0.011508241
163,0.13891059,0.8610894
164,0.9864305,0.013569474
165,0.9949271,0.0050729085
166,0.9925286,0.0074714064
167,0.978783,0.021217009
168,0.9884918,0.011508241
169,0.978783,0.021217009
170,0.9909413,0.009058688
171,0.99171805,0.008281931
172,0.9981293,0.0018706778
173,0.9884918,0.011508241
174,0.9884918,0.011508241
175,0.9989062,0.0010937972
176,0.9753007,0.024699267
177,0.0041721463,0.99582785
178,0.98763406,0.012365958
179,0.9884918,0.011508241
180,0.9884918,0.011508241
181,0.6252235,0.37477645
182,0.9884918,0.011508241
183,0.9884918,0.011508241
184,0.32106465,0.67893535
185,0.9884918,0.011508241
186,0.847911,0.15208898
187,0.0068179965,0.993182
188,0.9884918,0.011508241
189,0.99706537,0.0029346212
190,0.8906339,0.10936614
191,0.009715617,0.9902844
192,0.9884918,0.011508241
193,0.9884918,0.011508241
194,0.8796524,0.12034764
195,0.9837893,0.016210679
196,0.9651534,0.034846608
197,0.9884918,0.011508241
198,0.9894164,0.010583588
199,0.9884918,0.011508241
200,0.9884918,0.011508241
201,0.99777037,0.0022296496
202,0.9976899,0.002310071
203,0.9651534,0.034846608
204,0.9894164,0.010583588
205,0.9884918,0.011508241
206,0.9252666,0.07473337
207,0.13669008,0.8633099
208,0.99171805,0.008281931
209,0.9952353,0.004764696
210,0.9884918,0.011508241
211,0.45556587,0.54443413
212,0.9884918,0.011508241
213,0.9976899,0.002310071
214,0.026558816,0.9734412
215,0.9884918,0.011508241
216,0.9952758,0.004724233
217,0.9884918,0.011508241
218,0.9884918,0.011508241
219,0.9884918,0.011508241
220,0.9900339,0.009966067
221,0.99171805,0.008281931
222,0.9884918,0.011508241
223,0.9963543,0.0036457097
224,0.9884918,0.011508241
225,0.9884918,0.011508241
226,0.9884918,0.011508241
227,0.03621483,0.9637852
228,0.9884918,0.011508241
229,0.9884918,0.011508241
230,0.96394557,0.03605444
231,0.8703461,0.12965389
232,0.9884918,0.011508241
233,0.26288027,0.73711973
234,0.9884918,0.011508241
235,0.9884918,0.011508241
236,0.9935831,0.006416945
237,0.9961756,0.0038244238
238,0.9909413,0.009058688
239,0.99169916,0.008300837
240,0.4198538,0.5801462
241,0.981447,0.018552998
242,0.9884918,0.011508241
243,0.9884918,0.011508241
244,0.8990731,0.10092685
245,0.9884918,0.011508241
246,0.0034310818,0.9965689
247,0.9884918,0.011508241
248,0.9916708,0.00832919
249,0.9884918,0.011508241
250,0.9884918,0.011508241
251,0.9537165,0.04628349
252,0.9935831,0.006416945
253,0.030129015,0.969871
254,0.9884918,0.011508241
255,3.1113625e-05,0.9999689
256,0.99017984,0.00982016
257,0.9884918,0.011508241
258,0.97252965,0.027470341
259,0.004062414,0.9959376
260,0.9976899,0.002310071
261,0.9884918,0.011508241
262,0.9884918,0.011508241
263,0.98295945,0.017040525
264,0.9955246,0.0044754
265,0.98493034,0.015069691
266,0.0025256276,0.9974744
267,0.9899476,0.010052364
268,0.9976899,0.002310071
269,0.9884918,0.011508241
270,0.99181116,0.008188862
271,0.9993594,0.0006405468
272,0.99272114,0.0072788857
273,0.9884918,0.011508241
274,8.3088875e-05,0.9999169
275,0.9884918,0.011508241
276,0.9884918,0.011508241
277,0.9884918,0.011508241
278,0.5339866,0.46601337
279,0.978783,0.021217009
280,0.9884918,0.011508241
281,0.9445808,0.05541921
282,0.9884918,0.011508241
283,0.05718839,0.9428116
284,0.99017984,0.00982016
285,0.9949271,0.0050729085
286,0.017009735,0.98299026
287,0.99017984,0.00982016
288,0.9884918,0.011508241
289,0.9884918,0.011508241
290,0.9884918,0.011508241
291,0.9445808,0.05541921
292,0.9884918,0.011508241
293,0.9884918,0.011508241
294,0.9984967,0.0015032929
295,0.99787337,0.002126618
296,0.99414694,0.0058530783
297,0.99017984,0.00982016
298,0.9976899,0.002310071
299,0.99171805,0.008281931
300,0.9884918,0.011508241
301,0.9884918,0.011508241
302,0.9877272,0.012272761
303,0.9955246,0.0044754
304,0.6855752,0.3144248
305,0.95464855,0.045351446
306,0.99594915,0.00405087
307,0.9884918,0.011508241
308,0.9884918,0.011508241
309,0.9884918,0.011508241
310,0.62888885,0.37111112
311,0.9884918,0.011508241
312,0.99017984,0.00982016
313,0.99110025,0.008899743
314,0.9976899,0.002310071
315,0.9978325,0.0021675404
316,0.9949271,0.0050729085
317,0.82554364,0.17445634
318,0.9884918,0.011508241
319,0.9884918,0.011508241
320,0.7982526,0.20174743
321,0.9909413,0.009058688
322,0.9952758,0.004724233
323,0.9884918,0.011508241
324,0.0055838823,0.9944161
325,0.9884918,0.011508241
326,0.99777037,0.0022296496
327,0.9939417,0.0060582487
328,0.9884918,0.011508241
329,0.13295609,0.8670439
330,0.7455749,0.2544251
331,0.99040073,0.009599242
332,0.99678755,0.0032124615
333,0.9884918,0.011508241
334,0.99026865,0.009731366
335,0.9952353,0.004764696
336,0.9884918,0.011508241
337,0.9964083,0.0035916907
338,0.9884918,0.011508241
339,0.9884918,0.011508241
340,0.9889689,0.011031093
341,0.99171805,0.008281931
342,0.9884918,0.011508241
343,0.58185476,0.41814524
344,0.9902265,0.009773465
345,0.99583745,0.0041625584
346,0.9900339,0.009966067
347,0.9884918,0.011508241
348,0.9532171,0.046782926
349,0.9884918,0.011508241
350,0.9884918,0.011508241
351,0.9949271,0.0050729085
352,0.9884918,0.011508241
353,0.9884918,0.011508241
354,0.00221169,0.9977883
355,0.9942211,0.0057789143
356,0.9884918,0.011508241
357,0.9884918,0.011508241
358,0.9884918,0.011508241
359,0.9884918,0.011508241
360,0.9884918,0.011508241
361,0.9949271,0.0050729085
362,0.96500516,0.034994856
363,0.9884918,0.011508241
364,0.9884918,0.011508241
365,0.9884918,0.011508241
366,0.9884918,0.011508241
367,0.9884918,0.011508241
368,0.988125,0.011875
369,0.050321937,0.94967806
370,0.1464901,0.8535099
371,0.9666386,0.033361364
372,0.9955246,0.0044754
373,0.9916972,0.008302781
374,0.9884918,0.011508241
375,0.8278717,0.17212832
376,0.9884918,0.011508241
377,0.99511534,0.0048846593
378,0.9935831,0.006416945
379,0.9884918,0.011508241
380,0.9884918,0.011508241
381,0.9985287,0.0014713107
382,0.33329606,0.66670394
383,0.9884918,0.011508241
384,0.9884918,0.011508241
385,0.9527446,0.047255423
386,0.9884918,0.011508241
387,0.96967536,0.03032463
388,0.9884918,0.011508241
389,0.96859276,0.03140721
390,0.05764848,0.9423515
391,0.993712,0.006287977
392,0.9916972,0.008302781
393,0.0013125539,0.99868745
394,0.9935831,0.006416945
395,0.003278911,0.9967211
396,0.9884918,0.011508241
397,0.9884918,0.011508241
398,0.9884918,0.011508241
399,0.9884918,0.011508241
400,0.97946733,0.020532664
401,0.00034701824,0.999653
402,0.9884918,0.011508241
403,0.9976899,0.002310071
404,0.9841368,0.015863173
405,0.9884918,0.011508241
406,0.9884918,0.011508241
407,0.9884918,0.011508241
408,0.9884918,0.011508241
409,0.9951225,0.004877535
410,0.4198538,0.5801462
411,0.9884918,0.011508241
412,0.99040073,0.009599242
413,0.22358608,0.7764139
414,0.978783,0.021217009
415,0.15470177,0.84529823
416,0.021360993,0.978639
417,0.9926408,0.0073592355
418,0.8052439,0.1947561
419,0.9884918,0.011508241
420,0.9918738,0.008126192
421,0.9884918,0.011508241
422,0.99414694,0.0058530783
423,0.9952353,0.004764696
424,0.9884918,0.011508241
425,0.9952353,0.004764696
426,0.9977413,0.0022587003
427,0.84256166,0.15743832
428,0.9900339,0.009966067
429,0.049545586,0.9504544
430,0.9935831,0.006416945
431,0.9884918,0.011508241
432,0.9942211,0.0057789143
433,0.9949271,0.0050729085
434,0.9884918,0.011508241
435,0.9601138,0.039886188
436,0.9884918,0.011508241
437,0.9884918,0.011508241
438,0.99272114,0.0072788857
439,0.9884918,0.011508241
440,0.9884918,0.011508241
441,0.99171805,0.008281931
442,0.9884918,0.011508241
443,0.9884918,0.011508241
444,0.9884918,0.011508241
445,0.0019701123,0.9980299
446,0.9859527,0.014047299
447,0.9884918,0.011508241
448,0.99777037,0.0022296496
449,0.9884918,0.011508241
450,0.0503999,0.9496001
451,0.9884918,0.011508241
452,0.9884918,0.011508241
453,0.890485,0.109515
454,0.99096876,0.009031249
455,0.98062396,0.019376066
456,0.9942136,0.0057864236
457,0.9976899,0.002310071
458,0.012521267,0.98747873
459,0.9884918,0.011508241
460,0.9884918,0.011508241
461,0.99040073,0.009599242
462,0.9916972,0.008302781
463,0.9916972,0.008302781
464,0.9940352,0.005964845
465,0.96859276,0.03140721
466,0.9884918,0.011508241
467,0.041357696,0.9586423
468,0.99809915,0.0019008268
469,0.99777037,0.0022296496
470,0.9976899,0.002310071
471,0.9884918,0.011508241
472,0.9884918,0.011508241
473,0.978783,0.021217009
474,0.9937927,0.006207287
475,0.9774979,0.022502126
476,0.98283666,0.01716332
477,0.9884918,0.011508241
478,0.9963543,0.0036457097
479,0.59396803,0.406032
480,0.9884918,0.011508241
481,0.027564585,0.9724354
482,0.9884918,0.011508241
483,0.9884918,0.011508241
484,0.9884918,0.011508241
485,0.974067,0.025933003
486,0.99761164,0.002388369
487,0.9884918,0.011508241
488,0.97252965,0.027470341
489,0.9858551,0.014144878
490,0.9942211,0.0057789143
491,0.9920202,0.007979799
492,0.3681249,0.6318751
493,0.9884918,0.011508241
494,0.98609424,0.013905759
495,0.54207814,0.45792183
496,0.9884918,0.011508241
497,0.00058948994,0.9994105
498,0.99414694,0.0058530783
499,0.0013422966,0.9986577
500,0.9955246,0.0044754
501,0.011085212,0.9889148
502,0.9884918,0.011508241
503,0.9955246,0.0044754
504,0.9884918,0.011508241
505,0.8633145,0.1366855
506,0.9884918,0.011508241
507,0.9884918,0.011508241
508,0.18813032,0.8118697
509,0.0012381077,0.9987619
510,0.9884918,0.011508241
511,0.99941134,0.0005886638
512,0.9963543,0.0036457097
513,0.99514353,0.004856454
514,0.9884918,0.011508241
515,0.96501935,0.034980647
516,0.9935609,0.006439118
517,0.9955246,0.0044754
518,0.9976899,0.002310071
519,0.99777037,0.0022296496
520,0.9949271,0.0050729085
521,0.0015332699,0.99846673
522,0.9884918,0.011508241
523,0.0127645135,0.9872355
524,0.9932657,0.0067343055
525,0.9884918,0.011508241
526,0.9884918,0.011508241
527,0.99040073,0.009599242
528,0.9651534,0.034846608
529,0.931933,0.06806699
530,0.9884918,0.011508241
531,0.9601138,0.039886188
532,0.11609876,0.88390124
533,0.9920202,0.007979799
534,0.9884918,0.011508241
535,0.99629074,0.0037092557
536,0.9884918,0.011508241
537,0.7705517,0.22944833
538,0.9935831,0.006416945
539,0.9884918,0.011508241
540,0.9920202,0.007979799
541,0.004755676,0.9952443
542,0.9884918,0.011508241
543,0.9884918,0.011508241
544,0.9887138,0.011286185
545,0.9963543,0.0036457097
546,0.9884918,0.011508241
547,0.9884918,0.011508241
548,0.9884918,0.011508241
549,0.9942211,0.0057789143
550,0.92620295,0.07379705
551,0.99678755,0.0032124615
552,0.9884918,0.011508241
553,0.9884918,0.011508241
554,0.9900339,0.009966067
555,0.99847835,0.0015216405
556,0.9884918,0.011508241
557,0.9666386,0.033361364
558,0.9676136,0.032386392
559,0.998034,0.0019659998
560,0.9884918,0.011508241
561,0.9952353,0.004764696
562,0.9884918,0.011508241
563,0.9884918,0.011508241
564,0.9935831,0.006416945
565,0.98609424,0.013905759
566,0.9985946,0.0014053889
567,0.99017984,0.00982016
568,0.9884918,0.011508241
569,0.9955246,0.0044754
570,0.9884918,0.011508241
571,0.9884918,0.011508241
572,0.99777037,0.0022296496
573,0.9884918,0.011508241
574,0.9884918,0.011508241
575,0.9884918,0.011508241
576,0.99777037,0.0022296496
577,0.09539503,0.904605
578,0.9884918,0.011508241
579,0.9884918,0.011508241
580,0.8988337,0.10116629
581,0.9884918,0.011508241
582,0.00966835,0.99033165
583,0.9952845,0.004715475
584,0.9952758,0.004724233
585,0.00023967028,0.9997603
586,0.9884918,0.011508241
587,0.9884918,0.011508241
588,0.9976899,0.002310071
589,0.9098772,0.09012284
590,0.9949271,0.0050729085
591,0.9884918,0.011508241
592,0.9976899,0.002310071
593,0.9884918,0.011508241
594,0.9956734,0.0043265875
595,0.9877272,0.012272761
596,0.9884918,0.011508241
597,0.9942211,0.0057789143
598,0.99017984,0.00982016
599,0.9909413,0.009058688
600,0.9884918,0.011508241
601,0.9955246,0.0044754
602,0.9884918,0.011508241
603,0.9220539,0.07794614
604,0.9884918,0.011508241
605,0.9601138,0.039886188
606,0.9868515,0.013148504
607,0.004529953,0.99547005
608,0.9884918,0.011508241
609,0.9884918,0.011508241
610,0.9884918,0.011508241
611,0.00047504902,0.99952495
612,0.0004733801,0.9995266
613,0.9884918,0.011508241
614,0.9953887,0.0046113078
615,0.9976899,0.002310071
616,0.9884918,0.011508241
617,0.9884918,0.011508241
618,0.08372527,0.9162747
619,0.9976899,0.002310071
620,0.9884918,0.011508241
621,0.9884918,0.011508241
622,0.9884918,0.011508241
623,0.99777037,0.0022296496
624,0.9916972,0.008302781
625,0.91980946,0.08019055
626,0.92609584,0.07390416
627,0.9884918,0.011508241
628,0.9916972,0.008302781
629,0.0036392808,0.9963607
630,0.9753007,0.024699267
631,0.9884918,0.011508241
632,0.9884918,0.011508241
633,0.99884534,0.0011546633
634,0.99171805,0.008281931
635,0.99514353,0.004856454
636,0.9884918,0.011508241
637,0.9884918,0.011508241
638,0.9884918,0.011508241
639,0.9884918,0.011508241
640,0.9884918,0.011508241
641,0.997472,0.0025280062
642,0.9957839,0.0042160666
643,0.9610037,0.038996276
644,0.99414694,0.0058530783
645,0.9890797,0.010920267
646,0.9884918,0.011508241
647,0.9884918,0.011508241
648,0.9515511,0.048448894
649,0.9884918,0.011508241
650,0.97131455,0.02868546
651,0.9884918,0.011508241
652,0.9942136,0.0057864236
653,0.9884918,0.011508241
654,0.9817471,0.018252932
655,0.98871565,0.0112843225
656,0.7578868,0.24211319
657,0.9884918,0.011508241
658,0.9884918,0.011508241
659,0.9884918,0.011508241
660,0.9884918,0.011508241
661,0.99514353,0.004856454
662,0.9976899,0.002310071
663,0.9985375,0.0014624943
664,0.9924775,0.0075225513
665,0.9884918,0.011508241
666,0.9884918,0.011508241
667,0.9899476,0.010052364
668,0.9949401,0.005059902
669,0.9884918,0.011508241
670,0.9884918,0.011508241
671,0.9833084,0.01669162
672,0.032527328,0.9674727
673,0.99678755,0.0032124615
674,0.9884918,0.011508241
675,0.99384904,0.006150957
676,0.9884918,0.011508241
677,0.9942191,0.005780868
678,0.9955246,0.0044754
679,0.00023967028,0.9997603
680,0.98091924,0.019080784
681,0.9884918,0.011508241
682,0.9955246,0.0044754
683,0.004755676,0.9952443
684,0.9884918,0.011508241
685,0.9884918,0.011508241
686,0.9884918,0.011508241
687,0.99844503,0.0015549363
688,0.99678755,0.0032124615
689,0.9976899,0.002310071
690,0.99171805,0.008281931
691,0.9884918,0.011508241
692,0.9884918,0.011508241
693,0.97160524,0.028394762
694,0.9884918,0.011508241
695,0.9884918,0.011508241
696,0.020098686,0.9799013
697,0.9884918,0.011508241
698,0.9853222,0.014677819
699,0.0055185556,0.99448144
700,0.9884918,0.011508241
701,0.9884918,0.011508241
702,0.9884918,0.011508241
703,0.9887138,0.011286185
704,0.9952353,0.004764696
705,0.9884918,0.011508241
706,0.9952353,0.004764696
707,0.7111254,0.2888746
708,0.9537745,0.046225477
709,0.9884918,0.011508241
710,0.99272114,0.0072788857
711,0.9884918,0.011508241
712,0.9240337,0.07596632
713,0.9884918,0.011508241
714,0.9884918,0.011508241
715,0.9884918,0.011508241
716,0.9896484,0.0103516085
717,0.9963543,0.0036457097
718,3.2544136e-05,0.99996746
719,0.9945509,0.0054490967
720,0.9884918,0.011508241
721,0.9822935,0.0177065
722,0.9884918,0.011508241
723,0.9884918,0.011508241
724,0.9884918,0.011508241
725,0.9884918,0.011508241
726,0.9963543,0.0036457097
727,0.9884918,0.011508241
728,0.23665506,0.76334494
729,0.9884918,0.011508241
730,0.9884918,0.011508241
731,0.9884918,0.011508241
732,0.9884918,0.011508241
733,0.9884918,0.011508241
734,0.9884918,0.011508241
735,0.0005016327,0.99949837
736,0.9884918,0.011508241
737,0.9900339,0.009966067
738,0.9884918,0.011508241
739,0.99514353,0.004856454
740,0.11753696,0.88246304
741,0.99171805,0.008281931
742,0.9766682,0.0233318
743,0.9941028,0.0058972375
744,0.059450686,0.9405493
745,0.9884918,0.011508241
746,0.9884918,0.011508241
747,0.9909413,0.009058688
748,0.5385587,0.4614413
749,0.9935831,0.006416945
750,0.98755467,0.012445351
751,0.9884918,0.011508241
752,0.9949271,0.0050729085
753,0.9884918,0.011508241
754,0.9884918,0.011508241
755,0.9884918,0.011508241
756,0.99171805,0.008281931
757,0.0018314123,0.9981686
758,0.00046622753,0.9995338
759,0.98638064,0.013619343
760,0.99414694,0.0058530783
761,0.9884918,0.011508241
762,0.98148876,0.018511223
763,0.99785596,0.0021440631
764,0.0003373623,0.99966264
765,0.9952353,0.004764696
766,0.996918,0.0030819585
767,0.9976899,0.002310071
768,0.9976899,0.002310071
769,0.9884918,0.011508241
770,0.99545676,0.0045432555
771,0.94578516,0.054214828
772,0.22639227,0.77360773
773,0.9976899,0.002310071
774,0.9843382,0.015661774
775,0.9884918,0.011508241
776,0.99272114,0.0072788857
777,0.9324584,0.067541614
778,0.9884918,0.011508241
779,4.4465065e-05,0.99995553
780,0.9877272,0.012272761
781,0.9884918,0.011508241
782,0.9976899,0.002310071
783,0.9537745,0.046225477
784,0.9676136,0.032386392
785,0.00027006865,0.99972993
786,0.9884918,0.011508241
787,0.9935831,0.006416945
788,0.9911734,0.008826601
789,0.9993054,0.0006945964
790,0.9829664,0.017033594
791,0.96859276,0.03140721
792,0.9884918,0.011508241
793,0.9884918,0.011508241
794,0.9884918,0.011508241
795,0.99272114,0.0072788857
796,0.9993054,0.0006945964
797,0.99040073,0.009599242
798,0.9963543,0.0036457097
799,0.9947543,0.0052456944
800,0.5809975,0.41900247
801,0.8207397,0.17926033
802,0.9098772,0.09012284
803,0.9884918,0.011508241
804,0.011591494,0.9884085
805,0.9884918,0.011508241
806,0.98614603,0.013853977
807,0.039165616,0.9608344
808,0.9884918,0.011508241
809,0.9903696,0.009630355
810,0.9884918,0.011508241
811,0.02172172,0.9782783
812,0.9884918,0.011508241
813,0.9955246,0.0044754
814,0.9991067,0.0008932758
815,0.9920202,0.007979799
816,0.0027686954,0.9972313
817,0.9884918,0.011508241
818,0.9839095,0.01609052
819,0.97160524,0.028394762
820,0.13891059,0.8610894
821,0.000988841,0.99901116
822,0.79127264,0.20872736
823,0.9884918,0.011508241
824,0.7788026,0.22119743
825,0.9884918,0.011508241
826,0.9884918,0.011508241
827,0.9884918,0.011508241
828,0.9935831,0.006416945
829,0.9884918,0.011508241
830,0.9920202,0.007979799
831,0.9884918,0.011508241
832,0.9884918,0.011508241
833,0.9884918,0.011508241
834,0.9884918,0.011508241
835,0.99758816,0.0024118265
836,0.9884918,0.011508241
837,0.9474194,0.05258059
838,0.99689233,0.003107658
839,0.9651534,0.034846608
840,0.9942136,0.0057864236
841,0.9884918,0.011508241
842,0.99143124,0.008568788
843,0.9884918,0.011508241
844,0.96501935,0.034980647
845,0.006703317,0.9932967
846,0.9884918,0.011508241
847,0.9955246,0.0044754
848,0.9920202,0.007979799
849,0.9839542,0.01604583
850,0.92609584,0.07390416
851,0.9884918,0.011508241
852,2.503395e-06,0.9999975
853,0.9920202,0.007979799
854,0.99335045,0.006649574
855,0.11184585,0.88815415
856,0.96859276,0.03140721
857,0.9922736,0.0077263857
858,0.9884918,0.011508241
859,0.0002618432,0.99973816
860,0.040617526,0.9593825
861,0.9884918,0.011508241
862,0.9884918,0.011508241
863,0.9884918,0.011508241
864,0.9884918,0.011508241
865,0.99568886,0.00431117
866,0.9884918,0.011508241
867,0.9884918,0.011508241
868,0.9993594,0.0006405468
869,0.5718326,0.4281674
870,0.9884918,0.011508241
871,0.99568886,0.00431117
872,0.014154792,0.9858452
873,0.9992728,0.00072718743
874,0.0017666817,0.9982333
875,0.9777419,0.022258129
876,0.9884918,0.011508241
877,0.9868515,0.013148504
878,0.059808552,0.94019145
879,0.9884918,0.011508241
880,0.99665916,0.0033408452
881,0.9884918,0.011508241
882,0.9989062,0.0010937972
883,0.9884918,0.011508241
884,0.4248345,0.5751655
885,0.9884918,0.011508241
886,0.9954981,0.004501858
887,0.9935831,0.006416945
888,0.9963543,0.0036457097
889,0.9884918,0.011508241
890,0.9884918,0.011508241
891,0.9601138,0.039886188
892,0.9884918,0.011508241
893,0.0025991201,0.9974009
894,0.9952353,0.004764696
895,0.06187749,0.9381225
896,0.9736278,0.026372172
897,0.9935831,0.006416945
898,0.9884918,0.011508241
899,0.9952758,0.004724233
900,0.9916972,0.008302781
901,0.9884918,0.011508241
902,0.99171805,0.008281931
903,0.9985718,0.0014281832
904,0.9884918,0.011508241
905,0.9976899,0.002310071
906,0.99787337,0.002126618
907,0.9909413,0.009058688
908,0.0023120642,0.99768794
909,0.99941796,0.0005820542
910,0.98295945,0.017040525
911,0.9884918,0.011508241
912,0.9884918,0.011508241
913,0.0059245825,0.9940754
914,0.81347066,0.18652932
