,0,1
0,0.7619622,0.2380378
1,0.98618954,0.013810456
2,0.37303352,0.6269665
3,0.9808486,0.0191514
4,0.98618954,0.013810456
5,0.98618954,0.013810456
6,0.98618954,0.013810456
7,0.8465636,0.15343645
8,0.98618954,0.013810456
9,0.98618954,0.013810456
10,0.98618954,0.013810456
11,0.07192409,0.9280759
12,0.98618954,0.013810456
13,0.98618954,0.013810456
14,0.9975306,0.002469392
15,0.94746554,0.052534454
16,0.9960816,0.00391839
17,0.98618954,0.013810456
18,0.8818888,0.118111186
19,0.9953956,0.0046044225
20,0.98618954,0.013810456
21,0.7033266,0.29667345
22,0.98618954,0.013810456
23,0.98618954,0.013810456
24,0.98618954,0.013810456
25,0.9982339,0.0017660831
26,0.6041337,0.39586627
27,0.98618954,0.013810456
28,0.98618954,0.013810456
29,0.98618954,0.013810456
30,0.98618954,0.013810456
31,0.98618954,0.013810456
32,0.98618954,0.013810456
33,0.98618954,0.013810456
34,0.98618954,0.013810456
35,0.98618954,0.013810456
36,0.9979431,0.0020569076
37,0.9934708,0.006529186
38,0.99690235,0.0030976466
39,0.9875283,0.012471646
40,0.98618954,0.013810456
41,0.98618954,0.013810456
42,0.98618954,0.013810456
43,0.98618954,0.013810456
44,0.98618954,0.013810456
45,0.9910523,0.008947654
46,0.037588477,0.9624115
47,0.98618954,0.013810456
48,0.99690235,0.0030976466
49,0.98618954,0.013810456
50,0.98618954,0.013810456
51,0.9984065,0.001593441
52,0.98618954,0.013810456
53,0.98618954,0.013810456
54,0.05723226,0.94276774
55,0.11849266,0.88150734
56,0.9693645,0.030635487
57,0.9103505,0.08964952
58,0.9927054,0.007294603
59,0.98618954,0.013810456
60,0.98618954,0.013810456
61,0.98618954,0.013810456
62,0.94746554,0.052534454
63,0.991617,0.00838297
64,0.9975306,0.002469392
65,0.010494649,0.98950535
66,0.98618954,0.013810456
67,0.043483436,0.95651656
68,0.98618954,0.013810456
69,0.99690235,0.0030976466
70,0.8431476,0.15685244
71,0.98618954,0.013810456
72,0.9975306,0.002469392
73,0.993142,0.006857962
74,0.9975306,0.002469392
75,0.99561626,0.00438375
76,0.9973854,0.0026146316
77,0.98618954,0.013810456
78,0.98618954,0.013810456
79,0.98618954,0.013810456
80,0.8296643,0.1703357
81,0.99894506,0.0010549151
82,0.9546261,0.045373935
83,0.991617,0.00838297
84,0.98618954,0.013810456
85,0.9941884,0.005811545
86,0.98618954,0.013810456
87,0.98618954,0.013810456
88,0.98618954,0.013810456
89,0.0019577742,0.9980422
90,0.98618954,0.013810456
91,0.98618954,0.013810456
92,0.004619479,0.9953805
93,0.98618954,0.013810456
94,0.991617,0.00838297
95,0.98618954,0.013810456
96,0.98618954,0.013810456
97,0.9941884,0.005811545
98,0.98618954,0.013810456
99,0.9953956,0.0046044225
100,0.9953956,0.0046044225
101,0.98618954,0.013810456
102,0.9897821,0.010217881
103,0.9817121,0.018287908
104,0.97383875,0.026161242
105,0.2841062,0.7158938
106,0.0010229349,0.99897707
107,0.9825621,0.017437901
108,0.98639834,0.013601681
109,0.98618954,0.013810456
110,0.98618954,0.013810456
111,0.9946725,0.005327546
112,0.98618954,0.013810456
113,0.9953956,0.0046044225
114,0.98618954,0.013810456
115,0.97383875,0.026161242
116,0.9722378,0.027762191
117,0.98618954,0.013810456
118,0.0067742467,0.99322575
119,0.0037879944,0.996212
120,0.029307187,0.9706928
121,0.98618954,0.013810456
122,0.0043035746,0.9956964
123,0.98618954,0.013810456
124,0.9941884,0.005811545
125,0.9927011,0.007298897
126,0.98618954,0.013810456
127,0.99122137,0.008778657
128,0.98618954,0.013810456
129,0.9771322,0.02286779
130,0.99561626,0.00438375
131,0.98618954,0.013810456
132,0.9917639,0.008236102
133,0.92977554,0.07022448
134,0.98618954,0.013810456
135,0.98618954,0.013810456
136,0.9942043,0.005795706
137,0.9897821,0.010217881
138,0.98618954,0.013810456
139,0.98618954,0.013810456
140,0.98618954,0.013810456
141,0.98618954,0.013810456
142,0.98618954,0.013810456
143,0.9949069,0.0050930944
144,0.98618954,0.013810456
145,0.99629426,0.0037057176
146,0.98618954,0.013810456
147,0.98618954,0.013810456
148,0.9973854,0.0026146316
149,0.98618954,0.013810456
150,0.98618954,0.013810456
151,0.9973854,0.0026146316
152,0.98618954,0.013810456
153,0.9129385,0.0870615
154,0.0106732845,0.9893267
155,0.98618954,0.013810456
156,0.98933005,0.010669974
157,0.98618954,0.013810456
158,0.00829339,0.9917066
159,0.89824784,0.10175218
160,0.98618954,0.013810456
161,0.0026777387,0.99732226
162,0.98618954,0.013810456
163,0.21481699,0.785183
164,0.4250775,0.5749225
165,0.98618954,0.013810456
166,0.995188,0.004812013
167,0.98618954,0.013810456
168,0.98618954,0.013810456
169,0.98618954,0.013810456
170,0.9917639,0.008236102
171,0.98618954,0.013810456
172,0.9953956,0.0046044225
173,0.98132837,0.018671634
174,0.98618954,0.013810456
175,0.9975306,0.002469392
176,0.9722378,0.027762191
177,0.003902495,0.9960975
178,0.99076015,0.009239841
179,0.98618954,0.013810456
180,0.98618954,0.013810456
181,0.7439185,0.25608152
182,0.98618954,0.013810456
183,0.98618954,0.013810456
184,0.48139358,0.5186064
185,0.9946725,0.005327546
186,0.85019565,0.14980437
187,0.0012432337,0.99875677
188,0.98618954,0.013810456
189,0.9931455,0.0068544718
190,0.66496307,0.33503693
191,0.009121954,0.99087805
192,0.98618954,0.013810456
193,0.98618954,0.013810456
194,0.8431476,0.15685244
195,0.99690235,0.0030976466
196,0.97104025,0.028959736
197,0.98618954,0.013810456
198,0.9960851,0.003914879
199,0.98618954,0.013810456
200,0.98618954,0.013810456
201,0.98618954,0.013810456
202,0.99080336,0.009196644
203,0.98103136,0.018968651
204,0.9957023,0.00429769
205,0.98618954,0.013810456
206,0.91973364,0.08026634
207,0.045369446,0.95463055
208,0.98618954,0.013810456
209,0.98618954,0.013810456
210,0.98618954,0.013810456
211,0.33039182,0.6696082
212,0.98618954,0.013810456
213,0.9975306,0.002469392
214,0.0223037,0.9776963
215,0.98618954,0.013810456
216,0.9961089,0.0038910932
217,0.98618954,0.013810456
218,0.98618954,0.013810456
219,0.98618954,0.013810456
220,0.98319995,0.016800024
221,0.98618954,0.013810456
222,0.98618954,0.013810456
223,0.98618954,0.013810456
224,0.99690235,0.0030976466
225,0.98618954,0.013810456
226,0.98618954,0.013810456
227,0.02967602,0.970324
228,0.98618954,0.013810456
229,0.98618954,0.013810456
230,0.9329742,0.06702581
231,0.72782815,0.27217183
232,0.99690235,0.0030976466
233,0.11657947,0.8834205
234,0.98618954,0.013810456
235,0.98618954,0.013810456
236,0.98618954,0.013810456
237,0.9817356,0.018264398
238,0.9917639,0.008236102
239,0.9953956,0.0046044225
240,0.58793294,0.41206706
241,0.97380304,0.026196964
242,0.98618954,0.013810456
243,0.98618954,0.013810456
244,0.62415236,0.37584764
245,0.98618954,0.013810456
246,0.031671226,0.9683288
247,0.9973854,0.0026146316
248,0.9992941,0.0007059126
249,0.98618954,0.013810456
250,0.98618954,0.013810456
251,0.96832633,0.03167369
252,0.99622655,0.0037734485
253,0.032278597,0.9677214
254,0.98618954,0.013810456
255,0.00018590689,0.9998141
256,0.98618954,0.013810456
257,0.98618954,0.013810456
258,0.98618954,0.013810456
259,0.03205806,0.96794194
260,0.9975306,0.002469392
261,0.9933202,0.0066797906
262,0.98618954,0.013810456
263,0.98618954,0.013810456
264,0.9958457,0.004154302
265,0.98618954,0.013810456
266,0.00018626451,0.99981374
267,0.9817121,0.018287908
268,0.9975306,0.002469392
269,0.98618954,0.013810456
270,0.9988929,0.001107109
271,0.998865,0.001135004
272,0.991617,0.00838297
273,0.98618954,0.013810456
274,8.1419945e-05,0.9999186
275,0.98618954,0.013810456
276,0.98618954,0.013810456
277,0.98618954,0.013810456
278,0.43823272,0.5617673
279,0.98618954,0.013810456
280,0.98618954,0.013810456
281,0.98618954,0.013810456
282,0.9942043,0.005795706
283,0.12228513,0.8777149
284,0.98618954,0.013810456
285,0.98618954,0.013810456
286,0.012041807,0.9879582
287,0.98618954,0.013810456
288,0.98618954,0.013810456
289,0.9973854,0.0026146316
290,0.98618954,0.013810456
291,0.98618954,0.013810456
292,0.98618954,0.013810456
293,0.9942043,0.005795706
294,0.98618954,0.013810456
295,0.9980178,0.001982215
296,0.9931455,0.0068544718
297,0.9942043,0.005795706
298,0.9975306,0.002469392
299,0.9897821,0.010217881
300,0.98618954,0.013810456
301,0.9941884,0.005811545
302,0.9937356,0.0062643997
303,0.99894506,0.0010549151
304,0.87694746,0.123052515
305,0.98618954,0.013810456
306,0.9910523,0.008947654
307,0.98618954,0.013810456
308,0.98618954,0.013810456
309,0.98618954,0.013810456
310,0.6469203,0.3530797
311,0.98618954,0.013810456
312,0.98618954,0.013810456
313,0.991617,0.00838297
314,0.9990595,0.00094052433
315,0.9920302,0.007969802
316,0.98618954,0.013810456
317,0.9606814,0.03931864
318,0.98618954,0.013810456
319,0.98618954,0.013810456
320,0.924576,0.07542402
321,0.9917639,0.008236102
322,0.9961089,0.0038910932
323,0.98618954,0.013810456
324,0.002496183,0.9975038
325,0.98618954,0.013810456
326,0.98618954,0.013810456
327,0.98618954,0.013810456
328,0.98618954,0.013810456
329,0.2815637,0.7184363
330,0.7962058,0.20379417
331,0.98618954,0.013810456
332,0.99552333,0.0044766814
333,0.98618954,0.013810456
334,0.98618954,0.013810456
335,0.98618954,0.013810456
336,0.98618954,0.013810456
337,0.9897821,0.010217881
338,0.9960816,0.00391839
339,0.98618954,0.013810456
340,0.9693645,0.030635487
341,0.98618954,0.013810456
342,0.98618954,0.013810456
343,0.49139607,0.50860393
344,0.9812155,0.018784514
345,0.9967883,0.0032116508
346,0.98319995,0.016800024
347,0.9983651,0.0016348767
348,0.98618954,0.013810456
349,0.98618954,0.013810456
350,0.98618954,0.013810456
351,0.98618954,0.013810456
352,0.98618954,0.013810456
353,0.9942043,0.005795706
354,0.005321741,0.99467826
355,0.9910523,0.008947654
356,0.98618954,0.013810456
357,0.98618954,0.013810456
358,0.98618954,0.013810456
359,0.98618954,0.013810456
360,0.98618954,0.013810456
361,0.9964649,0.0035350963
362,0.98618954,0.013810456
363,0.98618954,0.013810456
364,0.9989069,0.0010930691
365,0.99590653,0.0040934645
366,0.98618954,0.013810456
367,0.98618954,0.013810456
368,0.98618954,0.013810456
369,0.5272168,0.47278318
370,0.09353131,0.9064687
371,0.9520352,0.047964834
372,0.9953956,0.0046044225
373,0.98618954,0.013810456
374,0.98618954,0.013810456
375,0.98618954,0.013810456
376,0.98618954,0.013810456
377,0.9897716,0.010228399
378,0.98618954,0.013810456
379,0.98618954,0.013810456
380,0.98618954,0.013810456
381,0.9953956,0.0046044225
382,0.21481699,0.785183
383,0.98618954,0.013810456
384,0.98618954,0.013810456
385,0.9933202,0.0066797906
386,0.9960816,0.00391839
387,0.9783943,0.021605685
388,0.98618954,0.013810456
389,0.9693645,0.030635487
390,0.10106748,0.8989325
391,0.99736243,0.0026375705
392,0.98618954,0.013810456
393,0.0009071827,0.9990928
394,0.98618954,0.013810456
395,0.0025049448,0.99749506
396,0.98618954,0.013810456
397,0.98618954,0.013810456
398,0.98618954,0.013810456
399,0.98618954,0.013810456
400,0.9942043,0.005795706
401,0.0005027056,0.9994973
402,0.98618954,0.013810456
403,0.9975306,0.002469392
404,0.98035055,0.019649427
405,0.98618954,0.013810456
406,0.98618954,0.013810456
407,0.98618954,0.013810456
408,0.9942043,0.005795706
409,0.9931455,0.0068544718
410,0.50687766,0.4931223
411,0.98618954,0.013810456
412,0.98618954,0.013810456
413,0.7331002,0.26689982
414,0.9855789,0.014421112
415,0.06632602,0.933674
416,0.056859672,0.9431403
417,0.97533906,0.024660943
418,0.85844254,0.14155746
419,0.9946836,0.0053163897
420,0.97522795,0.02477202
421,0.98618954,0.013810456
422,0.9931455,0.0068544718
423,0.98618954,0.013810456
424,0.99690235,0.0030976466
425,0.98618954,0.013810456
426,0.9977497,0.0022503242
427,0.8291376,0.17086239
428,0.9824595,0.017540533
429,0.040178895,0.9598211
430,0.98618954,0.013810456
431,0.98618954,0.013810456
432,0.9910523,0.008947654
433,0.98618954,0.013810456
434,0.98618954,0.013810456
435,0.9546261,0.045373935
436,0.98618954,0.013810456
437,0.9185639,0.08143611
438,0.99677706,0.0032229333
439,0.98618954,0.013810456
440,0.98618954,0.013810456
441,0.98618954,0.013810456
442,0.98618954,0.013810456
443,0.9973854,0.0026146316
444,0.98618954,0.013810456
445,0.0007112026,0.9992888
446,0.99402374,0.0059762355
447,0.98618954,0.013810456
448,0.98618954,0.013810456
449,0.98618954,0.013810456
450,0.19202173,0.8079783
451,0.98618954,0.013810456
452,0.98618954,0.013810456
453,0.901242,0.09875799
454,0.99302673,0.0069732456
455,0.9994011,0.00059892534
456,0.98618954,0.013810456
457,0.9975306,0.002469392
458,0.25799942,0.7420006
459,0.98618954,0.013810456
460,0.98618954,0.013810456
461,0.98618954,0.013810456
462,0.98618954,0.013810456
463,0.9941884,0.005811545
464,0.9949662,0.0050338204
465,0.974706,0.025294024
466,0.9960816,0.00391839
467,0.040301442,0.95969856
468,0.98928416,0.01071584
469,0.98618954,0.013810456
470,0.9983763,0.0016237168
471,0.98618954,0.013810456
472,0.98618954,0.013810456
473,0.98618954,0.013810456
474,0.991617,0.00838297
475,0.8928954,0.107104614
476,0.9604529,0.0395471
477,0.99690235,0.0030976466
478,0.98618954,0.013810456
479,0.6336485,0.3663515
480,0.98618954,0.013810456
481,0.07263172,0.9273683
482,0.98618954,0.013810456
483,0.98618954,0.013810456
484,0.98618954,0.013810456
485,0.9817121,0.018287908
486,0.9993286,0.00067141216
487,0.98618954,0.013810456
488,0.98618954,0.013810456
489,0.9846915,0.015308517
490,0.9910523,0.008947654
491,0.97383875,0.026161242
492,0.41477352,0.5852265
493,0.98618954,0.013810456
494,0.9805666,0.01943339
495,0.69362617,0.30637386
496,0.98618954,0.013810456
497,0.0010177493,0.99898225
498,0.9931455,0.0068544718
499,0.00091457367,0.9990854
500,0.9953956,0.0046044225
501,0.006033659,0.99396634
502,0.98618954,0.013810456
503,0.9953956,0.0046044225
504,0.98618954,0.013810456
505,0.86119217,0.13880782
506,0.98618954,0.013810456
507,0.98618954,0.013810456
508,0.14810008,0.8518999
509,0.0026131272,0.9973869
510,0.98618954,0.013810456
511,0.999079,0.0009210097
512,0.98618954,0.013810456
513,0.98618954,0.013810456
514,0.98618954,0.013810456
515,0.9781111,0.021888912
516,0.9817121,0.018287908
517,0.9953956,0.0046044225
518,0.9975306,0.002469392
519,0.98618954,0.013810456
520,0.98618954,0.013810456
521,0.0011205077,0.9988795
522,0.98618954,0.013810456
523,0.0045406222,0.9954594
524,0.98618954,0.013810456
525,0.99690235,0.0030976466
526,0.9973854,0.0026146316
527,0.98618954,0.013810456
528,0.9908666,0.009133376
529,0.8736018,0.12639822
530,0.98618954,0.013810456
531,0.9546261,0.045373935
532,0.049782038,0.95021796
533,0.97383875,0.026161242
534,0.98618954,0.013810456
535,0.9935005,0.0064995447
536,0.98618954,0.013810456
537,0.77790433,0.22209565
538,0.98618954,0.013810456
539,0.98618954,0.013810456
540,0.97383875,0.026161242
541,0.011138856,0.98886114
542,0.98618954,0.013810456
543,0.98618954,0.013810456
544,0.9948057,0.0051942915
545,0.98618954,0.013810456
546,0.98618954,0.013810456
547,0.98618954,0.013810456
548,0.98618954,0.013810456
549,0.9910523,0.008947654
550,0.60180587,0.39819413
551,0.99552333,0.0044766814
552,0.98618954,0.013810456
553,0.98618954,0.013810456
554,0.95821005,0.041789956
555,0.98618954,0.013810456
556,0.98618954,0.013810456
557,0.9520352,0.047964834
558,0.85865533,0.14134465
559,0.96549046,0.03450956
560,0.9941884,0.005811545
561,0.98618954,0.013810456
562,0.98618954,0.013810456
563,0.98618954,0.013810456
564,0.98618954,0.013810456
565,0.9913727,0.008627273
566,0.991617,0.00838297
567,0.98618954,0.013810456
568,0.98618954,0.013810456
569,0.9982339,0.0017660831
570,0.98618954,0.013810456
571,0.98618954,0.013810456
572,0.98618954,0.013810456
573,0.98618954,0.013810456
574,0.98618954,0.013810456
575,0.98618954,0.013810456
576,0.98618954,0.013810456
577,0.080602884,0.9193971
578,0.98618954,0.013810456
579,0.98618954,0.013810456
580,0.99690235,0.0030976466
581,0.98618954,0.013810456
582,0.005039811,0.9949602
583,0.9890691,0.010930897
584,0.9961089,0.0038910932
585,9.679794e-05,0.9999032
586,0.9844889,0.015511116
587,0.98618954,0.013810456
588,0.9975306,0.002469392
589,0.88827884,0.11172113
590,0.98618954,0.013810456
591,0.9942043,0.005795706
592,0.9937213,0.0062787146
593,0.98618954,0.013810456
594,0.9976023,0.0023976967
595,0.9937356,0.0062643997
596,0.98618954,0.013810456
597,0.9910523,0.008947654
598,0.9825621,0.017437901
599,0.9917639,0.008236102
600,0.98618954,0.013810456
601,0.9991512,0.0008488593
602,0.9973854,0.0026146316
603,0.9917639,0.008236102
604,0.99690235,0.0030976466
605,0.9653999,0.03460007
606,0.9841896,0.015810398
607,0.0004120469,0.99958795
608,0.98618954,0.013810456
609,0.98618954,0.013810456
610,0.98618954,0.013810456
611,0.00045460463,0.9995454
612,0.00027424097,0.99972576
613,0.98618954,0.013810456
614,0.98618954,0.013810456
615,0.9975306,0.002469392
616,0.98618954,0.013810456
617,0.9960816,0.00391839
618,0.15599471,0.8440053
619,0.9975306,0.002469392
620,0.98618954,0.013810456
621,0.98618954,0.013810456
622,0.98618954,0.013810456
623,0.98618954,0.013810456
624,0.9960816,0.00391839
625,0.73509395,0.26490602
626,0.68550193,0.31449804
627,0.98618954,0.013810456
628,0.98618954,0.013810456
629,0.0032553673,0.99674463
630,0.9722378,0.027762191
631,0.98618954,0.013810456
632,0.98618954,0.013810456
633,0.9984065,0.001593441
634,0.98618954,0.013810456
635,0.98618954,0.013810456
636,0.98618954,0.013810456
637,0.98618954,0.013810456
638,0.9960816,0.00391839
639,0.98618954,0.013810456
640,0.9875283,0.012471646
641,0.99791825,0.002081741
642,0.9931455,0.0068544718
643,0.8443178,0.15568222
644,0.9984709,0.001529072
645,0.89437044,0.10562953
646,0.98618954,0.013810456
647,0.98618954,0.013810456
648,0.9689941,0.031005928
649,0.98618954,0.013810456
650,0.94746554,0.052534454
651,0.98618954,0.013810456
652,0.9967446,0.0032554546
653,0.98618954,0.013810456
654,0.9727717,0.027228288
655,0.9825621,0.017437901
656,0.97104025,0.028959736
657,0.98618954,0.013810456
658,0.98618954,0.013810456
659,0.9941884,0.005811545
660,0.99899834,0.0010016399
661,0.98618954,0.013810456
662,0.9975306,0.002469392
663,0.9847664,0.015233563
664,0.997349,0.0026509836
665,0.98618954,0.013810456
666,0.98618954,0.013810456
667,0.9817121,0.018287908
668,0.9803367,0.019663261
669,0.98618954,0.013810456
670,0.98618954,0.013810456
671,0.9693645,0.030635487
672,0.028513968,0.97148603
673,0.99552333,0.0044766814
674,0.98618954,0.013810456
675,0.991617,0.00838297
676,0.98618954,0.013810456
677,0.98928416,0.01071584
678,0.99894506,0.0010549151
679,9.679794e-05,0.9999032
680,0.9585345,0.041465543
681,0.98618954,0.013810456
682,0.99849796,0.0015020609
683,0.011138856,0.98886114
684,0.98618954,0.013810456
685,0.98618954,0.013810456
686,0.98618954,0.013810456
687,0.9971698,0.0028302087
688,0.98865277,0.01134725
689,0.9987423,0.0012577364
690,0.98618954,0.013810456
691,0.98618954,0.013810456
692,0.98618954,0.013810456
693,0.98618954,0.013810456
694,0.98618954,0.013810456
695,0.98618954,0.013810456
696,0.0040887594,0.99591124
697,0.98618954,0.013810456
698,0.991617,0.00838297
699,0.0012413263,0.9987587
700,0.98618954,0.013810456
701,0.98618954,0.013810456
702,0.98618954,0.013810456
703,0.9798415,0.02015853
704,0.98618954,0.013810456
705,0.98618954,0.013810456
706,0.98618954,0.013810456
707,0.655506,0.344494
708,0.9471135,0.052886475
709,0.98618954,0.013810456
710,0.997349,0.0026509836
711,0.98618954,0.013810456
712,0.9942043,0.005795706
713,0.98618954,0.013810456
714,0.98618954,0.013810456
715,0.98618954,0.013810456
716,0.98135376,0.018646214
717,0.98618954,0.013810456
718,3.0875206e-05,0.9999691
719,0.9841896,0.015810398
720,0.9973854,0.0026146316
721,0.9828271,0.017172886
722,0.98618954,0.013810456
723,0.99690235,0.0030976466
724,0.9979339,0.002066055
725,0.98618954,0.013810456
726,0.98618954,0.013810456
727,0.98618954,0.013810456
728,0.14804769,0.8519523
729,0.9960816,0.00391839
730,0.98618954,0.013810456
731,0.98618954,0.013810456
732,0.98618954,0.013810456
733,0.98618954,0.013810456
734,0.98618954,0.013810456
735,0.0013208985,0.9986791
736,0.98618954,0.013810456
737,0.8423296,0.15767035
738,0.9942043,0.005795706
739,0.98618954,0.013810456
740,0.22224015,0.77775985
741,0.98618954,0.013810456
742,0.98319995,0.016800024
743,0.9817121,0.018287908
744,0.13673657,0.8632634
745,0.9960816,0.00391839
746,0.98618954,0.013810456
747,0.9917639,0.008236102
748,0.7862549,0.2137451
749,0.9988929,0.001107109
750,0.9821026,0.017897446
751,0.98618954,0.013810456
752,0.9977441,0.0022559103
753,0.98618954,0.013810456
754,0.98618954,0.013810456
755,0.997236,0.0027639936
756,0.98618954,0.013810456
757,0.00075399876,0.999246
758,0.0010753274,0.9989247
759,0.9663256,0.033674397
760,0.9931455,0.0068544718
761,0.98618954,0.013810456
762,0.97131777,0.028682211
763,0.99552333,0.0044766814
764,0.001152277,0.9988477
765,0.9942043,0.005795706
766,0.9910523,0.008947654
767,0.99926937,0.0007306346
768,0.9975306,0.002469392
769,0.98618954,0.013810456
770,0.9946745,0.0053254873
771,0.8873393,0.11266072
772,0.070456564,0.92954344
773,0.9975306,0.002469392
774,0.9825621,0.017437901
775,0.9960816,0.00391839
776,0.991617,0.00838297
777,0.8296643,0.1703357
778,0.98618954,0.013810456
779,0.00087076426,0.99912924
780,0.9937356,0.0062643997
781,0.98618954,0.013810456
782,0.9975306,0.002469392
783,0.9790895,0.020910485
784,0.9817121,0.018287908
785,0.00017565489,0.99982435
786,0.98618954,0.013810456
787,0.98618954,0.013810456
788,0.998482,0.0015179892
789,0.9975306,0.002469392
790,0.983433,0.016566992
791,0.9693645,0.030635487
792,0.98618954,0.013810456
793,0.98618954,0.013810456
794,0.99561626,0.00438375
795,0.991617,0.00838297
796,0.9990595,0.00094052433
797,0.98618954,0.013810456
798,0.9942043,0.005795706
799,0.98618954,0.013810456
800,0.6089095,0.39109054
801,0.36658508,0.6334149
802,0.84917367,0.1508263
803,0.9973854,0.0026146316
804,0.008596599,0.9914034
805,0.98618954,0.013810456
806,0.9722378,0.027762191
807,0.02325803,0.97674197
808,0.98618954,0.013810456
809,0.983231,0.016769003
810,0.98618954,0.013810456
811,0.025548697,0.9744513
812,0.98618954,0.013810456
813,0.9953956,0.0046044225
814,0.9995732,0.0004268051
815,0.97383875,0.026161242
816,0.0007147193,0.9992853
817,0.98618954,0.013810456
818,0.9792834,0.02071659
819,0.9933202,0.0066797906
820,0.21481699,0.785183
821,0.0006170273,0.999383
822,0.7665125,0.23348752
823,0.98618954,0.013810456
824,0.470855,0.529145
825,0.98618954,0.013810456
826,0.98618954,0.013810456
827,0.9885068,0.011493236
828,0.98618954,0.013810456
829,0.9897821,0.010217881
830,0.97383875,0.026161242
831,0.98618954,0.013810456
832,0.98618954,0.013810456
833,0.98618954,0.013810456
834,0.9977753,0.0022246556
835,0.99207425,0.007925732
836,0.98618954,0.013810456
837,0.9605247,0.039475307
838,0.9979959,0.0020040723
839,0.97104025,0.028959736
840,0.98618954,0.013810456
841,0.9973854,0.0026146316
842,0.9971578,0.0028421623
843,0.98618954,0.013810456
844,0.9781111,0.021888912
845,0.0072105527,0.99278945
846,0.98618954,0.013810456
847,0.9982339,0.0017660831
848,0.97383875,0.026161242
849,0.98518294,0.014817072
850,0.9506433,0.049356706
851,0.98618954,0.013810456
852,2.503395e-06,0.9999975
853,0.97383875,0.026161242
854,0.9953956,0.0046044225
855,0.16503072,0.8349693
856,0.9693645,0.030635487
857,0.9979389,0.0020611412
858,0.98618954,0.013810456
859,0.0003861785,0.9996138
860,0.050892472,0.9491075
861,0.98618954,0.013810456
862,0.98618954,0.013810456
863,0.98618954,0.013810456
864,0.98618954,0.013810456
865,0.9875283,0.012471646
866,0.98618954,0.013810456
867,0.9933202,0.0066797906
868,0.998865,0.001135004
869,0.13958585,0.86041415
870,0.98618954,0.013810456
871,0.98618954,0.013810456
872,0.013171256,0.98682874
873,0.9975306,0.002469392
874,0.005769968,0.99423003
875,0.94640136,0.053598627
876,0.98618954,0.013810456
877,0.98595566,0.014044353
878,0.012136161,0.98786384
879,0.98618954,0.013810456
880,0.99749035,0.0025096317
881,0.98618954,0.013810456
882,0.9983763,0.0016237168
883,0.98618954,0.013810456
884,0.7061932,0.29380682
885,0.98618954,0.013810456
886,0.9544955,0.04550449
887,0.98618954,0.013810456
888,0.98618954,0.013810456
889,0.98618954,0.013810456
890,0.98618954,0.013810456
891,0.9653999,0.03460007
892,0.98618954,0.013810456
893,0.011332929,0.9886671
894,0.99690235,0.0030976466
895,0.0073806643,0.99261934
896,0.99765354,0.0023464374
897,0.98618954,0.013810456
898,0.98618954,0.013810456
899,0.9961089,0.0038910932
900,0.98618954,0.013810456
901,0.98618954,0.013810456
902,0.98618954,0.013810456
903,0.9975306,0.002469392
904,0.9844889,0.015511116
905,0.9975306,0.002469392
906,0.9980178,0.001982215
907,0.9917639,0.008236102
908,0.0026777387,0.99732226
909,0.9975306,0.002469392
910,0.98618954,0.013810456
911,0.9927054,0.007294603
912,0.98618954,0.013810456
913,0.0020959377,0.99790406
914,0.87530935,0.124690674
