,0,1
0,0.49449658,0.5055034
1,0.98720163,0.012798373
2,0.13804668,0.8619533
3,0.98720163,0.012798373
4,0.98720163,0.012798373
5,0.98720163,0.012798373
6,0.98720163,0.012798373
7,0.621007,0.37899297
8,0.98720163,0.012798373
9,0.9945527,0.005447355
10,0.9945527,0.005447355
11,0.0697549,0.9302451
12,0.98887724,0.011122762
13,0.98720163,0.012798373
14,0.9984913,0.0015087037
15,0.9614858,0.038514186
16,0.98720163,0.012798373
17,0.98720163,0.012798373
18,0.9121539,0.087846115
19,0.98720163,0.012798373
20,0.98720163,0.012798373
21,0.963639,0.03636099
22,0.98720163,0.012798373
23,0.98720163,0.012798373
24,0.98720163,0.012798373
25,0.9934661,0.006533948
26,0.59646624,0.40353376
27,0.99073714,0.009262875
28,0.9979313,0.0020686737
29,0.98720163,0.012798373
30,0.98720163,0.012798373
31,0.98720163,0.012798373
32,0.98720163,0.012798373
33,0.98720163,0.012798373
34,0.98720163,0.012798373
35,0.99158776,0.008412246
36,0.98720163,0.012798373
37,0.9973457,0.0026542887
38,0.99158776,0.008412246
39,0.9902779,0.009722097
40,0.98720163,0.012798373
41,0.98720163,0.012798373
42,0.98720163,0.012798373
43,0.98720163,0.012798373
44,0.98720163,0.012798373
45,0.9929281,0.0070718904
46,0.019720674,0.9802793
47,0.9815168,0.018483236
48,0.98720163,0.012798373
49,0.98720163,0.012798373
50,0.9970852,0.00291477
51,0.9992676,0.00073239655
52,0.9624487,0.037551284
53,0.98720163,0.012798373
54,0.051233947,0.94876605
55,0.18882805,0.81117195
56,0.9733603,0.02663967
57,0.9718706,0.028129384
58,0.98862416,0.011375858
59,0.98720163,0.012798373
60,0.98720163,0.012798373
61,0.98720163,0.012798373
62,0.9547452,0.045254804
63,0.9934513,0.0065486766
64,0.99807733,0.0019226905
65,0.020769417,0.9792306
66,0.98720163,0.012798373
67,0.030237436,0.96976256
68,0.9837737,0.0162263
69,0.9971338,0.0028661976
70,0.8443065,0.15569346
71,0.98720163,0.012798373
72,0.99807733,0.0019226905
73,0.9989118,0.0010881838
74,0.9983314,0.0016685582
75,0.98720163,0.012798373
76,0.98720163,0.012798373
77,0.99695253,0.0030474802
78,0.9921637,0.007836301
79,0.98887724,0.011122762
80,0.9237578,0.07624224
81,0.98720163,0.012798373
82,0.94988495,0.050115064
83,0.9934513,0.0065486766
84,0.9971338,0.0028661976
85,0.99598885,0.0040111733
86,0.9979313,0.0020686737
87,0.98720163,0.012798373
88,0.99563783,0.0043621645
89,0.0059555173,0.9940445
90,0.98720163,0.012798373
91,0.9939191,0.006080934
92,0.014209926,0.9857901
93,0.98720163,0.012798373
94,0.9934513,0.0065486766
95,0.98720163,0.012798373
96,0.98720163,0.012798373
97,0.98720163,0.012798373
98,0.98720163,0.012798373
99,0.98720163,0.012798373
100,0.98720163,0.012798373
101,0.9965346,0.0034654434
102,0.99959373,0.0004062378
103,0.96861064,0.031389374
104,0.9776273,0.022372738
105,0.6897234,0.3102766
106,0.00044125319,0.99955875
107,0.9846841,0.0153158875
108,0.9989013,0.0010986945
109,0.995416,0.0045840316
110,0.98720163,0.012798373
111,0.9934661,0.006533948
112,0.98720163,0.012798373
113,0.9899337,0.010066291
114,0.99876624,0.0012337427
115,0.9776273,0.022372738
116,0.97260195,0.027398068
117,0.99655575,0.0034442737
118,0.012459815,0.9875402
119,0.001932323,0.9980677
120,0.017831922,0.9821681
121,0.98720163,0.012798373
122,0.012321293,0.9876787
123,0.9921912,0.0078088073
124,0.99158776,0.008412246
125,0.99398565,0.0060143615
126,0.98999155,0.010008481
127,0.9963737,0.0036262863
128,0.98720163,0.012798373
129,0.98517215,0.014827859
130,0.98720163,0.012798373
131,0.9945527,0.005447355
132,0.9957287,0.0042713564
133,0.9213823,0.078617714
134,0.98720163,0.012798373
135,0.98720163,0.012798373
136,0.99695253,0.0030474802
137,0.98720163,0.012798373
138,0.98720163,0.012798373
139,0.98720163,0.012798373
140,0.99122864,0.008771378
141,0.98720163,0.012798373
142,0.995613,0.0043870453
143,0.9930555,0.0069444724
144,0.98720163,0.012798373
145,0.9962046,0.0037953733
146,0.98720163,0.012798373
147,0.9971338,0.0028661976
148,0.98720163,0.012798373
149,0.9971338,0.0028661976
150,0.9971338,0.0028661976
151,0.98720163,0.012798373
152,0.98720163,0.012798373
153,0.81662035,0.18337967
154,0.0065112114,0.9934888
155,0.98720163,0.012798373
156,0.97606516,0.023934834
157,0.9933619,0.006638128
158,0.00072032213,0.9992797
159,0.7811418,0.2188582
160,0.99033153,0.009668463
161,0.00276798,0.997232
162,0.98887724,0.011122762
163,0.12977803,0.870222
164,0.46577197,0.534228
165,0.98720163,0.012798373
166,0.99666756,0.0033324647
167,0.98392457,0.016075443
168,0.98720163,0.012798373
169,0.9815168,0.018483236
170,0.985719,0.014281001
171,0.99073714,0.009262875
172,0.98720163,0.012798373
173,0.9810628,0.018937154
174,0.98720163,0.012798373
175,0.99807733,0.0019226905
176,0.98574734,0.014252668
177,0.0053724647,0.99462754
178,0.9751461,0.024853908
179,0.98720163,0.012798373
180,0.98720163,0.012798373
181,0.65853953,0.34146044
182,0.98720163,0.012798373
183,0.98720163,0.012798373
184,0.35421926,0.64578074
185,0.9934661,0.006533948
186,0.820099,0.17990102
187,0.0018392205,0.9981608
188,0.98720163,0.012798373
189,0.99695253,0.0030474802
190,0.6861255,0.3138745
191,0.016806006,0.983194
192,0.98350847,0.016491523
193,0.98720163,0.012798373
194,0.8443065,0.15569346
195,0.98720163,0.012798373
196,0.995613,0.0043870453
197,0.99695253,0.0030474802
198,0.995613,0.0043870453
199,0.98720163,0.012798373
200,0.98720163,0.012798373
201,0.98720163,0.012798373
202,0.9986872,0.0013127713
203,0.995613,0.0043870453
204,0.98720163,0.012798373
205,0.98720163,0.012798373
206,0.95468694,0.04531307
207,0.087550044,0.91244996
208,0.99073714,0.009262875
209,0.99605507,0.0039449534
210,0.98720163,0.012798373
211,0.17231846,0.82768154
212,0.98720163,0.012798373
213,0.9994589,0.0005410897
214,0.09405565,0.90594435
215,0.98720163,0.012798373
216,0.99390954,0.00609046
217,0.98720163,0.012798373
218,0.98720163,0.012798373
219,0.98720163,0.012798373
220,0.98504454,0.014955464
221,0.99073714,0.009262875
222,0.98720163,0.012798373
223,0.98720163,0.012798373
224,0.98720163,0.012798373
225,0.98720163,0.012798373
226,0.98720163,0.012798373
227,0.089656174,0.9103438
228,0.98720163,0.012798373
229,0.98720163,0.012798373
230,0.94413143,0.055868585
231,0.9227187,0.07728132
232,0.98934394,0.010656079
233,0.47266704,0.52733296
234,0.98720163,0.012798373
235,0.98720163,0.012798373
236,0.9985131,0.0014869126
237,0.9459303,0.05406968
238,0.99187493,0.008125074
239,0.9958421,0.0041579
240,0.5930232,0.40697682
241,0.9973714,0.0026286456
242,0.98720163,0.012798373
243,0.98999155,0.010008481
244,0.82988006,0.17011993
245,0.98720163,0.012798373
246,0.008187413,0.9918126
247,0.98720163,0.012798373
248,0.99187493,0.008125074
249,0.98720163,0.012798373
250,0.98720163,0.012798373
251,0.83576626,0.16423374
252,0.9946006,0.005399407
253,0.022110283,0.9778897
254,0.995613,0.0043870453
255,9.6678734e-05,0.9999033
256,0.98720163,0.012798373
257,0.98720163,0.012798373
258,0.9938815,0.0061184852
259,0.024735928,0.9752641
260,0.99807733,0.0019226905
261,0.98720163,0.012798373
262,0.98720163,0.012798373
263,0.98720163,0.012798373
264,0.9902779,0.009722097
265,0.99519247,0.0048075505
266,0.0005709529,0.99942905
267,0.96861064,0.031389374
268,0.99807733,0.0019226905
269,0.98720163,0.012798373
270,0.98720163,0.012798373
271,0.99807733,0.0019226905
272,0.9934513,0.0065486766
273,0.98720163,0.012798373
274,4.2438507e-05,0.99995756
275,0.98720163,0.012798373
276,0.98720163,0.012798373
277,0.98720163,0.012798373
278,0.7416092,0.25839078
279,0.9815168,0.018483236
280,0.98720163,0.012798373
281,0.9624487,0.037551284
282,0.98999155,0.010008481
283,0.046170413,0.9538296
284,0.9972798,0.002720182
285,0.98720163,0.012798373
286,0.0020343065,0.9979657
287,0.9987234,0.0012766381
288,0.98951274,0.010487285
289,0.98720163,0.012798373
290,0.98887724,0.011122762
291,0.9624487,0.037551284
292,0.995613,0.0043870453
293,0.9971338,0.0028661976
294,0.9945527,0.005447355
295,0.98720163,0.012798373
296,0.98720163,0.012798373
297,0.995613,0.0043870453
298,0.99807733,0.0019226905
299,0.99073714,0.009262875
300,0.98720163,0.012798373
301,0.99695253,0.0030474802
302,0.98758435,0.012415649
303,0.98720163,0.012798373
304,0.98720163,0.012798373
305,0.99129295,0.008707074
306,0.98720163,0.012798373
307,0.98720163,0.012798373
308,0.98720163,0.012798373
309,0.98720163,0.012798373
310,0.909304,0.09069596
311,0.98720163,0.012798373
312,0.98720163,0.012798373
313,0.9934513,0.0065486766
314,0.998741,0.0012590123
315,0.99015135,0.009848657
316,0.98720163,0.012798373
317,0.83469033,0.1653097
318,0.98720163,0.012798373
319,0.98720163,0.012798373
320,0.37994337,0.6200566
321,0.99187493,0.008125074
322,0.99390954,0.00609046
323,0.98720163,0.012798373
324,0.0025786161,0.9974214
325,0.98720163,0.012798373
326,0.98720163,0.012798373
327,0.99033153,0.009668463
328,0.98720163,0.012798373
329,0.5183414,0.48165858
330,0.72442126,0.27557877
331,0.98720163,0.012798373
332,0.98720163,0.012798373
333,0.98720163,0.012798373
334,0.98720163,0.012798373
335,0.99686986,0.003130138
336,0.98720163,0.012798373
337,0.993286,0.0067139645
338,0.98720163,0.012798373
339,0.98999155,0.010008481
340,0.98346436,0.016535651
341,0.99073714,0.009262875
342,0.98720163,0.012798373
343,0.7051562,0.29484376
344,0.9933,0.006700003
345,0.9921637,0.007836301
346,0.98741233,0.012587681
347,0.98720163,0.012798373
348,0.93942875,0.06057126
349,0.98720163,0.012798373
350,0.98720163,0.012798373
351,0.98720163,0.012798373
352,0.9965346,0.0034654434
353,0.98720163,0.012798373
354,0.05256164,0.94743836
355,0.98720163,0.012798373
356,0.98720163,0.012798373
357,0.98720163,0.012798373
358,0.98720163,0.012798373
359,0.98720163,0.012798373
360,0.98720163,0.012798373
361,0.9902779,0.009722097
362,0.9916405,0.008359478
363,0.98720163,0.012798373
364,0.98720163,0.012798373
365,0.98731345,0.012686547
366,0.99122864,0.008771378
367,0.9971338,0.0028661976
368,0.99605507,0.0039449534
369,0.05236137,0.94763863
370,0.06442046,0.93557954
371,0.93987995,0.060120042
372,0.98720163,0.012798373
373,0.9921637,0.007836301
374,0.98720163,0.012798373
375,0.76583123,0.2341688
376,0.98720163,0.012798373
377,0.98801357,0.011986433
378,0.9945527,0.005447355
379,0.99695253,0.0030474802
380,0.98720163,0.012798373
381,0.98720163,0.012798373
382,0.20854825,0.79145175
383,0.98720163,0.012798373
384,0.98999155,0.010008481
385,0.99033153,0.009668463
386,0.98720163,0.012798373
387,0.9601695,0.039830495
388,0.91424835,0.085751645
389,0.9733603,0.02663967
390,0.09388721,0.9061128
391,0.9957566,0.0042433958
392,0.9921637,0.007836301
393,0.0016872883,0.9983127
394,0.9945527,0.005447355
395,0.0013780594,0.99862194
396,0.98720163,0.012798373
397,0.98720163,0.012798373
398,0.98720163,0.012798373
399,0.98720163,0.012798373
400,0.99073714,0.009262875
401,0.00063735247,0.99936265
402,0.98720163,0.012798373
403,0.99807733,0.0019226905
404,0.9821282,0.017871773
405,0.98720163,0.012798373
406,0.98720163,0.012798373
407,0.98720163,0.012798373
408,0.98720163,0.012798373
409,0.98720163,0.012798373
410,0.5851494,0.41485056
411,0.98720163,0.012798373
412,0.98720163,0.012798373
413,0.40479285,0.59520715
414,0.99587876,0.004121255
415,0.10662967,0.89337033
416,0.04830253,0.95169747
417,0.9908141,0.009185914
418,0.49750584,0.50249416
419,0.9852955,0.014704498
420,0.9979241,0.0020758891
421,0.98720163,0.012798373
422,0.98720163,0.012798373
423,0.9969031,0.0030968913
424,0.98720163,0.012798373
425,0.99605507,0.0039449534
426,0.9992546,0.0007454132
427,0.46903497,0.53096503
428,0.98504454,0.014955464
429,0.040313184,0.9596868
430,0.9945527,0.005447355
431,0.99695253,0.0030474802
432,0.98720163,0.012798373
433,0.98720163,0.012798373
434,0.98720163,0.012798373
435,0.9604838,0.039516214
436,0.98720163,0.012798373
437,0.98720163,0.012798373
438,0.9955899,0.004410082
439,0.98720163,0.012798373
440,0.98720163,0.012798373
441,0.99073714,0.009262875
442,0.98720163,0.012798373
443,0.98720163,0.012798373
444,0.9837737,0.0162263
445,0.004269898,0.9957301
446,0.9960366,0.003963422
447,0.9837737,0.0162263
448,0.98720163,0.012798373
449,0.98720163,0.012798373
450,0.05522436,0.94477564
451,0.98720163,0.012798373
452,0.98720163,0.012798373
453,0.9333707,0.066629276
454,0.99476755,0.0052324766
455,0.99778277,0.0022172304
456,0.99695253,0.0030474802
457,0.99807733,0.0019226905
458,0.007786095,0.9922139
459,0.98720163,0.012798373
460,0.98887724,0.011122762
461,0.98720163,0.012798373
462,0.9921637,0.007836301
463,0.9921637,0.007836301
464,0.9955795,0.0044205184
465,0.99511117,0.00488884
466,0.98720163,0.012798373
467,0.1504665,0.8495335
468,0.995613,0.0043870453
469,0.98720163,0.012798373
470,0.9986872,0.0013127713
471,0.98720163,0.012798373
472,0.98720163,0.012798373
473,0.9815168,0.018483236
474,0.9934513,0.0065486766
475,0.642653,0.357347
476,0.9621018,0.03789819
477,0.98720163,0.012798373
478,0.995613,0.0043870453
479,0.97489494,0.025105042
480,0.98720163,0.012798373
481,0.254955,0.745045
482,0.9899337,0.010066291
483,0.98720163,0.012798373
484,0.98720163,0.012798373
485,0.9828987,0.01710126
486,0.99834526,0.001654717
487,0.99158776,0.008412246
488,0.9929281,0.0070718904
489,0.96164423,0.038355757
490,0.98720163,0.012798373
491,0.9776273,0.022372738
492,0.27578855,0.72421145
493,0.98720163,0.012798373
494,0.9635063,0.036493693
495,0.78271604,0.21728393
496,0.98720163,0.012798373
497,0.0016937256,0.9983063
498,0.98720163,0.012798373
499,0.0010367632,0.99896324
500,0.98720163,0.012798373
501,0.04617244,0.95382756
502,0.98720163,0.012798373
503,0.98720163,0.012798373
504,0.98720163,0.012798373
505,0.8721005,0.1278995
506,0.98720163,0.012798373
507,0.9971338,0.0028661976
508,0.22728157,0.7727184
509,0.0011879206,0.9988121
510,0.98934394,0.010656079
511,0.99807733,0.0019226905
512,0.9899337,0.010066291
513,0.98720163,0.012798373
514,0.9899337,0.010066291
515,0.97489494,0.025105042
516,0.97798026,0.022019727
517,0.9963732,0.0036268032
518,0.99807733,0.0019226905
519,0.98720163,0.012798373
520,0.98720163,0.012798373
521,0.0018715262,0.9981285
522,0.98720163,0.012798373
523,0.00707978,0.9929202
524,0.9945527,0.005447355
525,0.98720163,0.012798373
526,0.98720163,0.012798373
527,0.98720163,0.012798373
528,0.98720163,0.012798373
529,0.88208646,0.117913544
530,0.98720163,0.012798373
531,0.9602624,0.039737575
532,0.093559146,0.90644085
533,0.9776273,0.022372738
534,0.98720163,0.012798373
535,0.98386157,0.016138427
536,0.98720163,0.012798373
537,0.83620673,0.16379327
538,0.9945527,0.005447355
539,0.99695253,0.0030474802
540,0.9776273,0.022372738
541,0.009984076,0.9900159
542,0.99695253,0.0030474802
543,0.98720163,0.012798373
544,0.99655694,0.0034430446
545,0.98720163,0.012798373
546,0.9971338,0.0028661976
547,0.98720163,0.012798373
548,0.98720163,0.012798373
549,0.98720163,0.012798373
550,0.95018226,0.049817715
551,0.9899337,0.010066291
552,0.9899337,0.010066291
553,0.98720163,0.012798373
554,0.9638283,0.03617169
555,0.98720163,0.012798373
556,0.98720163,0.012798373
557,0.93987995,0.060120042
558,0.8770356,0.122964375
559,0.9967449,0.0032551435
560,0.99672604,0.0032739877
561,0.99605507,0.0039449534
562,0.98720163,0.012798373
563,0.98720163,0.012798373
564,0.9945527,0.005447355
565,0.89921933,0.10078068
566,0.9934513,0.0065486766
567,0.98720163,0.012798373
568,0.98720163,0.012798373
569,0.9982151,0.0017849256
570,0.98720163,0.012798373
571,0.995613,0.0043870453
572,0.98720163,0.012798373
573,0.98720163,0.012798373
574,0.98720163,0.012798373
575,0.98720163,0.012798373
576,0.98720163,0.012798373
577,0.11552942,0.8844706
578,0.98720163,0.012798373
579,0.98720163,0.012798373
580,0.98720163,0.012798373
581,0.98720163,0.012798373
582,0.005169213,0.9948308
583,0.99398565,0.0060143615
584,0.9949348,0.0050652293
585,7.1406364e-05,0.9999286
586,0.98720163,0.012798373
587,0.995613,0.0043870453
588,0.9994589,0.0005410897
589,0.9381834,0.061816603
590,0.98720163,0.012798373
591,0.99695253,0.0030474802
592,0.9967364,0.003263577
593,0.98720163,0.012798373
594,0.9948762,0.005123778
595,0.98758435,0.012415649
596,0.98720163,0.012798373
597,0.98720163,0.012798373
598,0.99518603,0.0048139836
599,0.9912815,0.008718519
600,0.99563783,0.0043621645
601,0.9943454,0.005654595
602,0.98720163,0.012798373
603,0.88794124,0.11205879
604,0.98720163,0.012798373
605,0.96763366,0.03236636
606,0.9874394,0.012560606
607,0.0048196316,0.99518037
608,0.98720163,0.012798373
609,0.99695253,0.0030474802
610,0.98720163,0.012798373
611,0.0004556775,0.9995443
612,0.00036525726,0.99963474
613,0.9899337,0.010066291
614,0.99606556,0.003934454
615,0.99807733,0.0019226905
616,0.98720163,0.012798373
617,0.9971338,0.0028661976
618,0.28977197,0.710228
619,0.99807733,0.0019226905
620,0.98999155,0.010008481
621,0.98720163,0.012798373
622,0.98720163,0.012798373
623,0.98934394,0.010656079
624,0.99814117,0.0018588196
625,0.78488946,0.21511051
626,0.7316638,0.2683362
627,0.98720163,0.012798373
628,0.9921637,0.007836301
629,0.002664864,0.99733514
630,0.97260195,0.027398068
631,0.9899337,0.010066291
632,0.98720163,0.012798373
633,0.99807733,0.0019226905
634,0.99073714,0.009262875
635,0.98720163,0.012798373
636,0.98720163,0.012798373
637,0.98720163,0.012798373
638,0.98720163,0.012798373
639,0.98720163,0.012798373
640,0.9902779,0.009722097
641,0.9921637,0.007836301
642,0.9921637,0.007836301
643,0.98094183,0.019058159
644,0.98720163,0.012798373
645,0.9289597,0.07104024
646,0.98720163,0.012798373
647,0.98720163,0.012798373
648,0.9036764,0.09632363
649,0.99695253,0.0030474802
650,0.97416055,0.025839426
651,0.98720163,0.012798373
652,0.9965346,0.0034654434
653,0.98720163,0.012798373
654,0.97369695,0.026303064
655,0.9951914,0.0048086136
656,0.93942875,0.06057126
657,0.98720163,0.012798373
658,0.98720163,0.012798373
659,0.98720163,0.012798373
660,0.9934661,0.006533948
661,0.98720163,0.012798373
662,0.9983314,0.0016685582
663,0.9888334,0.011166553
664,0.9934513,0.0065486766
665,0.98720163,0.012798373
666,0.98720163,0.012798373
667,0.96861064,0.031389374
668,0.9643631,0.03563692
669,0.98720163,0.012798373
670,0.98720163,0.012798373
671,0.9733603,0.02663967
672,0.08730632,0.9126937
673,0.98720163,0.012798373
674,0.98720163,0.012798373
675,0.99464,0.005360011
676,0.98720163,0.012798373
677,0.99519247,0.0048075505
678,0.9971338,0.0028661976
679,7.1406364e-05,0.9999286
680,0.96164423,0.038355757
681,0.98720163,0.012798373
682,0.98720163,0.012798373
683,0.009984076,0.9900159
684,0.98720163,0.012798373
685,0.98720163,0.012798373
686,0.98720163,0.012798373
687,0.9927302,0.007269822
688,0.968949,0.031050975
689,0.99850005,0.0014999654
690,0.99073714,0.009262875
691,0.98720163,0.012798373
692,0.98720163,0.012798373
693,0.98720163,0.012798373
694,0.9899337,0.010066291
695,0.98720163,0.012798373
696,0.0274328,0.9725672
697,0.98934394,0.010656079
698,0.9915421,0.008457899
699,0.0012322664,0.99876773
700,0.98720163,0.012798373
701,0.98951274,0.010487285
702,0.9971338,0.0028661976
703,0.9916419,0.008358138
704,0.99605507,0.0039449534
705,0.98720163,0.012798373
706,0.99605507,0.0039449534
707,0.71140283,0.28859717
708,0.97606516,0.023934834
709,0.98720163,0.012798373
710,0.99412453,0.0058754426
711,0.98720163,0.012798373
712,0.94912744,0.050872535
713,0.98720163,0.012798373
714,0.98720163,0.012798373
715,0.98720163,0.012798373
716,0.9810091,0.018990887
717,0.9883793,0.011620725
718,2.0980835e-05,0.999979
719,0.99477893,0.005221089
720,0.98720163,0.012798373
721,0.99695253,0.0030474802
722,0.99158776,0.008412246
723,0.98720163,0.012798373
724,0.98862416,0.011375858
725,0.9899337,0.010066291
726,0.995613,0.0043870453
727,0.99158776,0.008412246
728,0.05422312,0.9457769
729,0.98720163,0.012798373
730,0.98720163,0.012798373
731,0.98720163,0.012798373
732,0.98720163,0.012798373
733,0.98934394,0.010656079
734,0.98720163,0.012798373
735,0.00055116415,0.99944884
736,0.98720163,0.012798373
737,0.9644444,0.03555562
738,0.98720163,0.012798373
739,0.98720163,0.012798373
740,0.4496897,0.5503103
741,0.99073714,0.009262875
742,0.9629331,0.03706689
743,0.9746407,0.025359275
744,0.09539896,0.90460104
745,0.98720163,0.012798373
746,0.98720163,0.012798373
747,0.985719,0.014281001
748,0.901237,0.098762974
749,0.9985131,0.0014869126
750,0.9819838,0.018016227
751,0.9971338,0.0028661976
752,0.98887724,0.011122762
753,0.98720163,0.012798373
754,0.98720163,0.012798373
755,0.98720163,0.012798373
756,0.99073714,0.009262875
757,0.0022278428,0.99777216
758,0.00023299456,0.999767
759,0.9462272,0.05377278
760,0.98720163,0.012798373
761,0.98720163,0.012798373
762,0.9595994,0.04040063
763,0.9945527,0.005447355
764,0.00019460917,0.9998054
765,0.999067,0.0009329768
766,0.9957468,0.0042531793
767,0.99807733,0.0019226905
768,0.99807733,0.0019226905
769,0.98720163,0.012798373
770,0.99125427,0.008745756
771,0.88762176,0.11237822
772,0.2243377,0.7756623
773,0.99807733,0.0019226905
774,0.9899242,0.010075789
775,0.98720163,0.012798373
776,0.9934513,0.0065486766
777,0.7705339,0.22946605
778,0.98720163,0.012798373
779,1.5377998e-05,0.9999846
780,0.98758435,0.012415649
781,0.98720163,0.012798373
782,0.9984021,0.0015979087
783,0.9911526,0.008847397
784,0.99450463,0.0054953666
785,9.346008e-05,0.99990654
786,0.99158776,0.008412246
787,0.9945527,0.005447355
788,0.9908473,0.009152733
789,0.99807733,0.0019226905
790,0.9595994,0.04040063
791,0.9733603,0.02663967
792,0.98720163,0.012798373
793,0.9899337,0.010066291
794,0.9971338,0.0028661976
795,0.9934513,0.0065486766
796,0.99807733,0.0019226905
797,0.98720163,0.012798373
798,0.98720163,0.012798373
799,0.99398565,0.0060143615
800,0.92941916,0.07058082
801,0.41982633,0.5801737
802,0.868128,0.131872
803,0.98720163,0.012798373
804,0.0032280087,0.996772
805,0.98720163,0.012798373
806,0.9882387,0.011761298
807,0.011615872,0.9883841
808,0.98720163,0.012798373
809,0.9872836,0.012716439
810,0.98720163,0.012798373
811,0.04244989,0.9575501
812,0.9982859,0.0017141373
813,0.98720163,0.012798373
814,0.99807733,0.0019226905
815,0.9776273,0.022372738
816,0.0035433173,0.9964567
817,0.98720163,0.012798373
818,0.9983796,0.0016204023
819,0.98720163,0.012798373
820,0.12977803,0.870222
821,0.0037161708,0.9962838
822,0.82759035,0.17240962
823,0.98720163,0.012798373
824,0.73040897,0.26959103
825,0.98720163,0.012798373
826,0.99158776,0.008412246
827,0.98720163,0.012798373
828,0.9945527,0.005447355
829,0.99695253,0.0030474802
830,0.9776273,0.022372738
831,0.98720163,0.012798373
832,0.98720163,0.012798373
833,0.98720163,0.012798373
834,0.9934661,0.006533948
835,0.9921637,0.007836301
836,0.98720163,0.012798373
837,0.863762,0.13623795
838,0.9983409,0.001659112
839,0.98720163,0.012798373
840,0.98720163,0.012798373
841,0.98720163,0.012798373
842,0.9863899,0.013610134
843,0.98720163,0.012798373
844,0.99432284,0.0056771925
845,0.0012516975,0.9987483
846,0.98720163,0.012798373
847,0.9982151,0.0017849256
848,0.9776273,0.022372738
849,0.9602462,0.03975381
850,0.93030685,0.06969314
851,0.9899337,0.010066291
852,5.6028366e-06,0.9999944
853,0.9776273,0.022372738
854,0.99158776,0.008412246
855,0.19611394,0.80388606
856,0.9907835,0.009216504
857,0.98720163,0.012798373
858,0.98720163,0.012798373
859,0.00031399727,0.999686
860,0.012042463,0.98795754
861,0.98720163,0.012798373
862,0.98720163,0.012798373
863,0.98720163,0.012798373
864,0.9971338,0.0028661976
865,0.99652475,0.0034752418
866,0.98720163,0.012798373
867,0.99695253,0.0030474802
868,0.99807733,0.0019226905
869,0.14195979,0.8580402
870,0.98720163,0.012798373
871,0.995416,0.0045840316
872,0.037715197,0.9622848
873,0.99807733,0.0019226905
874,0.0060076118,0.9939924
875,0.9721126,0.027887382
876,0.98720163,0.012798373
877,0.9874394,0.012560606
878,0.0028777719,0.9971222
879,0.98720163,0.012798373
880,0.98720163,0.012798373
881,0.9899337,0.010066291
882,0.9986872,0.0013127713
883,0.98720163,0.012798373
884,0.33539575,0.66460425
885,0.98720163,0.012798373
886,0.9659968,0.03400322
887,0.9945527,0.005447355
888,0.9971338,0.0028661976
889,0.98720163,0.012798373
890,0.98720163,0.012798373
891,0.96763366,0.03236636
892,0.98720163,0.012798373
893,0.027822137,0.97217786
894,0.99605507,0.0039449534
895,0.016006887,0.9839931
896,0.9602219,0.03977809
897,0.9945527,0.005447355
898,0.98720163,0.012798373
899,0.99390954,0.00609046
900,0.9921637,0.007836301
901,0.98720163,0.012798373
902,0.99073714,0.009262875
903,0.9991316,0.0008683537
904,0.98720163,0.012798373
905,0.99807733,0.0019226905
906,0.98720163,0.012798373
907,0.985719,0.014281001
908,0.00276798,0.997232
909,0.99807733,0.0019226905
910,0.98720163,0.012798373
911,0.98934394,0.010656079
912,0.9971338,0.0028661976
913,0.0031052828,0.9968947
914,0.7811626,0.2188374
