,0,1
0,0.9145675,0.08543254
1,0.996065,0.0039350055
2,0.3541603,0.6458397
3,0.9901711,0.009828937
4,0.9872359,0.012764078
5,0.9916478,0.008352243
6,0.9872359,0.012764078
7,0.19339865,0.80660135
8,0.9872359,0.012764078
9,0.99396044,0.0060395566
10,0.9872359,0.012764078
11,0.48429537,0.51570463
12,0.9872359,0.012764078
13,0.9872359,0.012764078
14,0.9915079,0.00849213
15,0.95781296,0.04218701
16,0.9968787,0.0031213094
17,0.99453133,0.005468652
18,0.8860717,0.11392835
19,0.9872359,0.012764078
20,0.9872359,0.012764078
21,0.96895057,0.031049442
22,0.9872359,0.012764078
23,0.9872359,0.012764078
24,0.9872359,0.012764078
25,0.9872359,0.012764078
26,0.6682775,0.3317225
27,0.998226,0.0017740036
28,0.99044317,0.009556849
29,0.9872359,0.012764078
30,0.9872359,0.012764078
31,0.9872359,0.012764078
32,0.9872359,0.012764078
33,0.9872359,0.012764078
34,0.9872359,0.012764078
35,0.9872359,0.012764078
36,0.99433964,0.00566033
37,0.96052617,0.03947384
38,0.9961564,0.0038435883
39,0.9872359,0.012764078
40,0.9872359,0.012764078
41,0.9872359,0.012764078
42,0.9872359,0.012764078
43,0.9872359,0.012764078
44,0.9872359,0.012764078
45,0.9930933,0.0069066603
46,0.013279974,0.98672
47,0.9916478,0.008352243
48,0.9961564,0.0038435883
49,0.9872359,0.012764078
50,0.9930901,0.0069099218
51,0.9969262,0.0030738073
52,0.996065,0.0039350055
53,0.99350584,0.0064941705
54,0.07068932,0.9293107
55,0.5050498,0.49495015
56,0.9716511,0.028348926
57,0.91476125,0.08523874
58,0.9963056,0.003694387
59,0.9872359,0.012764078
60,0.9872359,0.012764078
61,0.9872359,0.012764078
62,0.9639086,0.03609139
63,0.99545217,0.0045478404
64,0.9872359,0.012764078
65,0.011870801,0.9881292
66,0.9872359,0.012764078
67,0.053172767,0.94682723
68,0.9872359,0.012764078
69,0.99749273,0.002507242
70,0.88814455,0.111855455
71,0.9986986,0.0013013919
72,0.9872359,0.012764078
73,0.9930901,0.0069099218
74,0.9872359,0.012764078
75,0.9872359,0.012764078
76,0.9872359,0.012764078
77,0.9970406,0.0029593683
78,0.9930901,0.0069099218
79,0.9872359,0.012764078
80,0.9872359,0.012764078
81,0.99653107,0.0034689526
82,0.98808366,0.0119163245
83,0.9872359,0.012764078
84,0.97191596,0.028084047
85,0.9993127,0.0006873053
86,0.99080294,0.009197078
87,0.9872359,0.012764078
88,0.9872359,0.012764078
89,0.0055559278,0.9944441
90,0.9872359,0.012764078
91,0.998226,0.0017740036
92,0.03229624,0.96770376
93,0.9872359,0.012764078
94,0.9872359,0.012764078
95,0.9992796,0.0007203731
96,0.9872359,0.012764078
97,0.9872359,0.012764078
98,0.9872359,0.012764078
99,0.9872359,0.012764078
100,0.9872359,0.012764078
101,0.9970406,0.0029593683
102,0.9970406,0.0029593683
103,0.94627345,0.053726565
104,0.9989202,0.0010798157
105,0.7308112,0.26918882
106,0.0026465654,0.99735343
107,0.98384374,0.016156275
108,0.886691,0.11330901
109,0.98384374,0.016156275
110,0.9872359,0.012764078
111,0.9872359,0.012764078
112,0.9910861,0.008913856
113,0.9963706,0.003629399
114,0.9970406,0.0029593683
115,0.9989202,0.0010798157
116,0.97656333,0.02343668
117,0.9915079,0.00849213
118,0.006498158,0.99350184
119,0.0046081543,0.99539185
120,0.013279974,0.98672
121,0.9872359,0.012764078
122,0.019029856,0.98097014
123,0.9916086,0.008391358
124,0.9872359,0.012764078
125,0.9872359,0.012764078
126,0.9872359,0.012764078
127,0.99096835,0.009031654
128,0.9872359,0.012764078
129,0.97516847,0.024831554
130,0.9916478,0.008352243
131,0.9872359,0.012764078
132,0.9872359,0.012764078
133,0.9975673,0.0024327175
134,0.9872359,0.012764078
135,0.9872359,0.012764078
136,0.9970406,0.0029593683
137,0.9872359,0.012764078
138,0.9872359,0.012764078
139,0.9872359,0.012764078
140,0.9872359,0.012764078
141,0.9872359,0.012764078
142,0.99545217,0.0045478404
143,0.9968787,0.0031213094
144,0.9872359,0.012764078
145,0.9672927,0.032707255
146,0.9916478,0.008352243
147,0.9910861,0.008913856
148,0.9872359,0.012764078
149,0.98708254,0.012917476
150,0.9872359,0.012764078
151,0.9872359,0.012764078
152,0.9872359,0.012764078
153,0.80079025,0.19920973
154,0.013732314,0.9862677
155,0.9872359,0.012764078
156,0.98781604,0.012183988
157,0.9872359,0.012764078
158,0.00080770254,0.9991923
159,0.819234,0.180766
160,0.98111755,0.018882457
161,0.000972867,0.99902713
162,0.9872359,0.012764078
163,0.1320976,0.8679024
164,0.98374236,0.016257659
165,0.9872359,0.012764078
166,0.97439533,0.02560464
167,0.9872359,0.012764078
168,0.9872359,0.012764078
169,0.9872359,0.012764078
170,0.9872359,0.012764078
171,0.99080294,0.009197078
172,0.99545217,0.0045478404
173,0.9872359,0.012764078
174,0.9872359,0.012764078
175,0.99453133,0.005468652
176,0.9843506,0.015649399
177,0.006455064,0.99354494
178,0.97400194,0.02599806
179,0.9805018,0.019498225
180,0.9872359,0.012764078
181,0.65651476,0.3434852
182,0.9982018,0.0017982082
183,0.9872359,0.012764078
184,0.81816345,0.18183655
185,0.9872359,0.012764078
186,0.88543504,0.11456494
187,0.00047516823,0.99952483
188,0.9872359,0.012764078
189,0.9986303,0.0013697167
190,0.7638514,0.23614861
191,0.019412398,0.9805876
192,0.9872359,0.012764078
193,0.9872359,0.012764078
194,0.88814455,0.111855455
195,0.9961564,0.0038435883
196,0.97195816,0.028041841
197,0.9990939,0.0009061115
198,0.89459413,0.10540588
199,0.996065,0.0039350055
200,0.9872359,0.012764078
201,0.9872359,0.012764078
202,0.9872359,0.012764078
203,0.9912615,0.008738488
204,0.9872359,0.012764078
205,0.9872359,0.012764078
206,0.96275187,0.037248123
207,0.09799206,0.90200794
208,0.99080294,0.009197078
209,0.9872359,0.012764078
210,0.9872359,0.012764078
211,0.36102426,0.63897574
212,0.9872359,0.012764078
213,0.9872359,0.012764078
214,0.040966034,0.95903397
215,0.9872359,0.012764078
216,0.9953668,0.004633209
217,0.99350584,0.0064941705
218,0.9910861,0.008913856
219,0.9872359,0.012764078
220,0.97234666,0.027653348
221,0.99080294,0.009197078
222,0.9872359,0.012764078
223,0.99545217,0.0045478404
224,0.9961564,0.0038435883
225,0.99231446,0.007685549
226,0.9872359,0.012764078
227,0.03851211,0.9614879
228,0.9872359,0.012764078
229,0.9872359,0.012764078
230,0.9256056,0.07439441
231,0.4538843,0.5461157
232,0.9990443,0.0009556791
233,0.47389603,0.526104
234,0.9872359,0.012764078
235,0.9872359,0.012764078
236,0.9872359,0.012764078
237,0.97817355,0.021826444
238,0.9872359,0.012764078
239,0.9872359,0.012764078
240,0.7301247,0.26987532
241,0.9970406,0.0029593683
242,0.9872359,0.012764078
243,0.9872359,0.012764078
244,0.96351933,0.03648069
245,0.9872359,0.012764078
246,0.042749763,0.95725024
247,0.9872359,0.012764078
248,0.9896893,0.010310738
249,0.9872359,0.012764078
250,0.9872359,0.012764078
251,0.89695096,0.103049055
252,0.9961564,0.0038435883
253,0.05804503,0.941955
254,0.9872359,0.012764078
255,4.6372414e-05,0.9999536
256,0.9872359,0.012764078
257,0.9872359,0.012764078
258,0.994866,0.005133999
259,0.013964653,0.98603535
260,0.9872359,0.012764078
261,0.996065,0.0039350055
262,0.9872359,0.012764078
263,0.98384374,0.016156275
264,0.9872359,0.012764078
265,0.99131644,0.008683556
266,0.011808991,0.988191
267,0.99884677,0.0011532496
268,0.9872359,0.012764078
269,0.99464107,0.005358925
270,0.998828,0.0011720033
271,0.9872359,0.012764078
272,0.9872359,0.012764078
273,0.9872359,0.012764078
274,0.00010204315,0.99989796
275,0.9872359,0.012764078
276,0.9872359,0.012764078
277,0.9872359,0.012764078
278,0.41165346,0.58834654
279,0.9872359,0.012764078
280,0.9805018,0.019498225
281,0.9872359,0.012764078
282,0.9872359,0.012764078
283,0.4108966,0.5891034
284,0.99803764,0.0019623889
285,0.9872359,0.012764078
286,0.062312067,0.93768793
287,0.9985016,0.0014983716
288,0.9872359,0.012764078
289,0.9872359,0.012764078
290,0.9872359,0.012764078
291,0.9872359,0.012764078
292,0.9872359,0.012764078
293,0.9872359,0.012764078
294,0.99545217,0.0045478404
295,0.9872359,0.012764078
296,0.9872359,0.012764078
297,0.9872359,0.012764078
298,0.9986986,0.0013013919
299,0.99080294,0.009197078
300,0.9872359,0.012764078
301,0.9970406,0.0029593683
302,0.9877962,0.01220381
303,0.9872359,0.012764078
304,0.4408819,0.5591181
305,0.93927056,0.06072946
306,0.9994874,0.00051262864
307,0.9872359,0.012764078
308,0.9872359,0.012764078
309,0.9872359,0.012764078
310,0.7132894,0.2867106
311,0.9872359,0.012764078
312,0.9872359,0.012764078
313,0.9872359,0.012764078
314,0.9872359,0.012764078
315,0.9987744,0.0012255704
316,0.9872359,0.012764078
317,0.94933283,0.050667156
318,0.9872359,0.012764078
319,0.9872359,0.012764078
320,0.9872359,0.012764078
321,0.9872359,0.012764078
322,0.9872359,0.012764078
323,0.9872359,0.012764078
324,0.0015448332,0.99845517
325,0.9872359,0.012764078
326,0.9872359,0.012764078
327,0.9568084,0.043191638
328,0.9872359,0.012764078
329,0.06459677,0.9354032
330,0.63604236,0.36395764
331,0.9953668,0.004633209
332,0.9872359,0.012764078
333,0.9872359,0.012764078
334,0.9872359,0.012764078
335,0.9872359,0.012764078
336,0.9872359,0.012764078
337,0.9872359,0.012764078
338,0.9968787,0.0031213094
339,0.9872359,0.012764078
340,0.9850742,0.014925786
341,0.99080294,0.009197078
342,0.9953668,0.004633209
343,0.51559234,0.48440763
344,0.9859057,0.014094279
345,0.99855655,0.0014434514
346,0.97234666,0.027653348
347,0.9968787,0.0031213094
348,0.9605399,0.039460137
349,0.9872359,0.012764078
350,0.9872359,0.012764078
351,0.9872359,0.012764078
352,0.9970406,0.0029593683
353,0.9872359,0.012764078
354,0.009146869,0.99085313
355,0.9956485,0.0043515186
356,0.9872359,0.012764078
357,0.9872359,0.012764078
358,0.9872359,0.012764078
359,0.9953668,0.004633209
360,0.9872359,0.012764078
361,0.9968787,0.0031213094
362,0.9902798,0.009720206
363,0.9872359,0.012764078
364,0.996065,0.0039350055
365,0.9968787,0.0031213094
366,0.9872359,0.012764078
367,0.9872359,0.012764078
368,0.9930159,0.0069841305
369,0.021787763,0.97821224
370,0.16206169,0.8379383
371,0.9736581,0.026341902
372,0.9872359,0.012764078
373,0.9930901,0.0069099218
374,0.9872359,0.012764078
375,0.79608506,0.20391494
376,0.9872359,0.012764078
377,0.99745613,0.0025438876
378,0.9872359,0.012764078
379,0.9970406,0.0029593683
380,0.9872359,0.012764078
381,0.9872359,0.012764078
382,0.6589999,0.3410001
383,0.9872359,0.012764078
384,0.9872359,0.012764078
385,0.9587608,0.04123919
386,0.9968787,0.0031213094
387,0.9042196,0.095780395
388,0.8946583,0.10534164
389,0.9570523,0.04294772
390,0.114364326,0.8856357
391,0.998226,0.0017740036
392,0.9930901,0.0069099218
393,0.0024207234,0.9975793
394,0.9872359,0.012764078
395,0.0022146702,0.99778533
396,0.9872359,0.012764078
397,0.9916478,0.008352243
398,0.9872359,0.012764078
399,0.9872359,0.012764078
400,0.97967607,0.020323943
401,0.0007132888,0.9992867
402,0.9916478,0.008352243
403,0.9872359,0.012764078
404,0.9756019,0.024398107
405,0.9872359,0.012764078
406,0.9872359,0.012764078
407,0.9872359,0.012764078
408,0.9872359,0.012764078
409,0.996065,0.0039350055
410,0.62166226,0.3783377
411,0.9872359,0.012764078
412,0.9872359,0.012764078
413,0.5725379,0.4274621
414,0.9872359,0.012764078
415,0.1081872,0.8918128
416,0.007151127,0.9928489
417,0.97234666,0.027653348
418,0.95196176,0.048038244
419,0.9968787,0.0031213094
420,0.9944348,0.005565202
421,0.9872359,0.012764078
422,0.9910861,0.008913856
423,0.9915079,0.00849213
424,0.9973231,0.0026768923
425,0.9872359,0.012764078
426,0.99865973,0.0013402681
427,0.7132894,0.2867106
428,0.97234666,0.027653348
429,0.05667013,0.9433299
430,0.9872359,0.012764078
431,0.9970406,0.0029593683
432,0.99433964,0.00566033
433,0.9916478,0.008352243
434,0.9872359,0.012764078
435,0.95195544,0.048044577
436,0.9872359,0.012764078
437,0.9872359,0.012764078
438,0.9986986,0.0013013919
439,0.9916478,0.008352243
440,0.9872359,0.012764078
441,0.99080294,0.009197078
442,0.9872359,0.012764078
443,0.9916478,0.008352243
444,0.9872359,0.012764078
445,0.0043720007,0.995628
446,0.9984219,0.0015780652
447,0.9872359,0.012764078
448,0.9872359,0.012764078
449,0.9872359,0.012764078
450,0.027361631,0.97263837
451,0.9953668,0.004633209
452,0.9872359,0.012764078
453,0.98224634,0.01775368
454,0.9267648,0.073235214
455,0.99806404,0.0019359778
456,0.9865739,0.013426113
457,0.9872359,0.012764078
458,0.004999459,0.99500054
459,0.9872359,0.012764078
460,0.9916478,0.008352243
461,0.9872359,0.012764078
462,0.9930901,0.0069099218
463,0.99729383,0.0027061428
464,0.9970406,0.0029593683
465,0.96231073,0.037689283
466,0.9995055,0.0004944543
467,0.004858494,0.9951415
468,0.9872359,0.012764078
469,0.9872359,0.012764078
470,0.9872359,0.012764078
471,0.9872359,0.012764078
472,0.9916478,0.008352243
473,0.9872359,0.012764078
474,0.9872359,0.012764078
475,0.7868614,0.21313855
476,0.9872359,0.012764078
477,0.9961564,0.0038435883
478,0.99545217,0.0045478404
479,0.62179077,0.37820923
480,0.9872359,0.012764078
481,0.067156315,0.9328437
482,0.9915079,0.00849213
483,0.9872359,0.012764078
484,0.9872359,0.012764078
485,0.9695645,0.030435475
486,0.992734,0.0072659655
487,0.996065,0.0039350055
488,0.9820058,0.017994229
489,0.9645854,0.0354146
490,0.99433964,0.00566033
491,0.9989202,0.0010798157
492,0.24698514,0.75301486
493,0.9872359,0.012764078
494,0.99743307,0.0025669571
495,0.7639184,0.2360816
496,0.9872359,0.012764078
497,0.0039551854,0.9960448
498,0.99231446,0.007685549
499,0.0007574558,0.99924254
500,0.9872359,0.012764078
501,0.0013344288,0.9986656
502,0.9872359,0.012764078
503,0.9872359,0.012764078
504,0.9872359,0.012764078
505,0.8955671,0.104432896
506,0.9872359,0.012764078
507,0.9872359,0.012764078
508,0.31918418,0.6808158
509,0.0029023886,0.9970976
510,0.9872359,0.012764078
511,0.99433964,0.00566033
512,0.9993742,0.0006257957
513,0.99453133,0.005468652
514,0.9915079,0.00849213
515,0.9872359,0.012764078
516,0.9992892,0.00071080757
517,0.996065,0.0039350055
518,0.9872359,0.012764078
519,0.9872359,0.012764078
520,0.9805018,0.019498225
521,0.00014472008,0.9998553
522,0.9986986,0.0013013919
523,0.008802533,0.99119747
524,0.9872359,0.012764078
525,0.9961564,0.0038435883
526,0.99350584,0.0064941705
527,0.9872359,0.012764078
528,0.99502575,0.0049742507
529,0.9256056,0.07439441
530,0.9872359,0.012764078
531,0.9702459,0.029754099
532,0.15684181,0.8431582
533,0.9989202,0.0010798157
534,0.9872359,0.012764078
535,0.99545217,0.0045478404
536,0.9872359,0.012764078
537,0.99031186,0.00968812
538,0.9872359,0.012764078
539,0.9970406,0.0029593683
540,0.9989202,0.0010798157
541,0.04849261,0.9515074
542,0.9970406,0.0029593683
543,0.9916478,0.008352243
544,0.9992817,0.00071829016
545,0.99545217,0.0045478404
546,0.9916478,0.008352243
547,0.9872359,0.012764078
548,0.9986986,0.0013013919
549,0.99433964,0.00566033
550,0.9646324,0.035367604
551,0.9915079,0.00849213
552,0.9915079,0.00849213
553,0.9872359,0.012764078
554,0.97234666,0.027653348
555,0.9872359,0.012764078
556,0.9872359,0.012764078
557,0.9736581,0.026341902
558,0.88842124,0.11157875
559,0.9872359,0.012764078
560,0.9970406,0.0029593683
561,0.9872359,0.012764078
562,0.9872359,0.012764078
563,0.9872359,0.012764078
564,0.9872359,0.012764078
565,0.9872359,0.012764078
566,0.9872359,0.012764078
567,0.9872359,0.012764078
568,0.9872359,0.012764078
569,0.9872359,0.012764078
570,0.9872359,0.012764078
571,0.9872359,0.012764078
572,0.9872359,0.012764078
573,0.9872359,0.012764078
574,0.9872359,0.012764078
575,0.9872359,0.012764078
576,0.9872359,0.012764078
577,0.122030735,0.87796926
578,0.9872359,0.012764078
579,0.9872359,0.012764078
580,0.9961564,0.0038435883
581,0.9872359,0.012764078
582,0.0025162697,0.99748373
583,0.9872359,0.012764078
584,0.9872359,0.012764078
585,0.00022047758,0.9997795
586,0.9872359,0.012764078
587,0.9805018,0.019498225
588,0.9872359,0.012764078
589,0.8860717,0.11392835
590,0.9805018,0.019498225
591,0.9970406,0.0029593683
592,0.9872359,0.012764078
593,0.9872359,0.012764078
594,0.95703864,0.04296138
595,0.9877962,0.01220381
596,0.9872359,0.012764078
597,0.9979547,0.0020452577
598,0.9872359,0.012764078
599,0.99220866,0.0077913436
600,0.9953668,0.004633209
601,0.9872359,0.012764078
602,0.9872359,0.012764078
603,0.99361897,0.0063810064
604,0.9961564,0.0038435883
605,0.95195544,0.048044577
606,0.9872359,0.012764078
607,0.0023943186,0.9976057
608,0.9872359,0.012764078
609,0.9970406,0.0029593683
610,0.9872359,0.012764078
611,0.0042013526,0.99579865
612,0.0003414154,0.9996586
613,0.9915079,0.00849213
614,0.99080294,0.009197078
615,0.9872359,0.012764078
616,0.9910861,0.008913856
617,0.9995055,0.0004944543
618,0.16438079,0.8356192
619,0.9805018,0.019498225
620,0.9872359,0.012764078
621,0.9872359,0.012764078
622,0.9872359,0.012764078
623,0.9872359,0.012764078
624,0.99941325,0.0005867618
625,0.9569828,0.043017223
626,0.68976086,0.31023914
627,0.9872359,0.012764078
628,0.99898,0.001020027
629,0.0026926994,0.9973073
630,0.97656333,0.02343668
631,0.9915079,0.00849213
632,0.9872359,0.012764078
633,0.99433964,0.00566033
634,0.99080294,0.009197078
635,0.99453133,0.005468652
636,0.9872359,0.012764078
637,0.9872359,0.012764078
638,0.9968787,0.0031213094
639,0.9872359,0.012764078
640,0.9872359,0.012764078
641,0.99819607,0.0018039106
642,0.9930901,0.0069099218
643,0.9872359,0.012764078
644,0.99384874,0.0061512687
645,0.95649785,0.04350217
646,0.9916478,0.008352243
647,0.9986986,0.0013013919
648,0.91363263,0.08636739
649,0.9970406,0.0029593683
650,0.98796463,0.012035378
651,0.9872359,0.012764078
652,0.99984604,0.00015397837
653,0.9872359,0.012764078
654,0.971345,0.028654985
655,0.99080294,0.009197078
656,0.89673454,0.10326547
657,0.9872359,0.012764078
658,0.9872359,0.012764078
659,0.9872359,0.012764078
660,0.9872359,0.012764078
661,0.99453133,0.005468652
662,0.9872359,0.012764078
663,0.9974609,0.0025390717
664,0.9872359,0.012764078
665,0.9872359,0.012764078
666,0.9872359,0.012764078
667,0.99884677,0.0011532496
668,0.98650384,0.0134961875
669,0.99231446,0.007685549
670,0.9872359,0.012764078
671,0.9716511,0.028348926
672,0.0053247213,0.9946753
673,0.9872359,0.012764078
674,0.9872359,0.012764078
675,0.9872359,0.012764078
676,0.9872359,0.012764078
677,0.9960959,0.003904124
678,0.9872359,0.012764078
679,0.00022047758,0.9997795
680,0.9645854,0.0354146
681,0.9872359,0.012764078
682,0.9968787,0.0031213094
683,0.04849261,0.9515074
684,0.9872359,0.012764078
685,0.9872359,0.012764078
686,0.9872359,0.012764078
687,0.8946583,0.10534164
688,0.9872359,0.012764078
689,0.996065,0.0039350055
690,0.99080294,0.009197078
691,0.9916478,0.008352243
692,0.9872359,0.012764078
693,0.9930159,0.0069841305
694,0.9915079,0.00849213
695,0.9872359,0.012764078
696,0.029087186,0.9709128
697,0.996065,0.0039350055
698,0.81027865,0.18972132
699,0.021116555,0.97888345
700,0.9872359,0.012764078
701,0.9872359,0.012764078
702,0.9872359,0.012764078
703,0.9910861,0.008913856
704,0.9872359,0.012764078
705,0.9872359,0.012764078
706,0.9872359,0.012764078
707,0.6847983,0.3152017
708,0.96052617,0.03947384
709,0.9872359,0.012764078
710,0.9915079,0.00849213
711,0.9872359,0.012764078
712,0.9417923,0.05820767
713,0.9872359,0.012764078
714,0.9872359,0.012764078
715,0.996065,0.0039350055
716,0.9830224,0.016977629
717,0.99404836,0.00595165
718,0.0002722144,0.9997278
719,0.9872359,0.012764078
720,0.9872359,0.012764078
721,0.99817085,0.0018291336
722,0.9872359,0.012764078
723,0.9961564,0.0038435883
724,0.99861234,0.0013876831
725,0.9915079,0.00849213
726,0.99545217,0.0045478404
727,0.9872359,0.012764078
728,0.026775062,0.97322494
729,0.9968787,0.0031213094
730,0.9872359,0.012764078
731,0.9872359,0.012764078
732,0.9872359,0.012764078
733,0.9872359,0.012764078
734,0.996065,0.0039350055
735,0.00048553944,0.99951446
736,0.9872359,0.012764078
737,0.8204045,0.1795955
738,0.9872359,0.012764078
739,0.99453133,0.005468652
740,0.50038296,0.49961704
741,0.99080294,0.009197078
742,0.9877962,0.01220381
743,0.9541836,0.045816407
744,0.017714262,0.98228574
745,0.9968787,0.0031213094
746,0.9872359,0.012764078
747,0.9872359,0.012764078
748,0.7939728,0.20602722
749,0.99923617,0.00076380675
750,0.9872359,0.012764078
751,0.9872359,0.012764078
752,0.9968787,0.0031213094
753,0.99231446,0.007685549
754,0.9805018,0.019498225
755,0.9961564,0.0038435883
756,0.998226,0.0017740036
757,0.0014448762,0.9985551
758,0.0004888773,0.9995111
759,0.99321675,0.006783217
760,0.9872359,0.012764078
761,0.9872359,0.012764078
762,0.9303677,0.06963231
763,0.9872359,0.012764078
764,0.00010287762,0.9998971
765,0.9980701,0.0019298538
766,0.9969262,0.0030738073
767,0.9872359,0.012764078
768,0.9872359,0.012764078
769,0.9872359,0.012764078
770,0.9991689,0.00083113293
771,0.99289197,0.007108036
772,0.18943238,0.8105676
773,0.9872359,0.012764078
774,0.9872359,0.012764078
775,0.9968787,0.0031213094
776,0.9872359,0.012764078
777,0.99545217,0.0045478404
778,0.9872359,0.012764078
779,7.665157e-05,0.99992335
780,0.9877962,0.01220381
781,0.9872359,0.012764078
782,0.9872359,0.012764078
783,0.96052617,0.03947384
784,0.9541836,0.045816407
785,0.0008378029,0.9991622
786,0.9872359,0.012764078
787,0.9872359,0.012764078
788,0.9961564,0.0038435883
789,0.9872359,0.012764078
790,0.9303677,0.06963231
791,0.9716511,0.028348926
792,0.9872359,0.012764078
793,0.9915079,0.00849213
794,0.9805018,0.019498225
795,0.9872359,0.012764078
796,0.9872359,0.012764078
797,0.9953668,0.004633209
798,0.99545217,0.0045478404
799,0.9872359,0.012764078
800,0.9889097,0.011090271
801,0.8821567,0.117843285
802,0.8860717,0.11392835
803,0.9872359,0.012764078
804,0.003267765,0.99673223
805,0.99350584,0.0064941705
806,0.9980821,0.0019178806
807,0.014027953,0.98597205
808,0.9872359,0.012764078
809,0.9872359,0.012764078
810,0.9872359,0.012764078
811,0.13945669,0.8605433
812,0.9970406,0.0029593683
813,0.9872359,0.012764078
814,0.9968787,0.0031213094
815,0.9989202,0.0010798157
816,0.01147157,0.98852843
817,0.9872359,0.012764078
818,0.99220395,0.0077960384
819,0.9930159,0.0069841305
820,0.1395806,0.8604194
821,0.0005635619,0.99943644
822,0.78092307,0.21907693
823,0.9872359,0.012764078
824,0.7085961,0.2914039
825,0.9872359,0.012764078
826,0.9953668,0.004633209
827,0.99231446,0.007685549
828,0.9872359,0.012764078
829,0.9980701,0.0019298538
830,0.9989202,0.0010798157
831,0.9986986,0.0013013919
832,0.9872359,0.012764078
833,0.9872359,0.012764078
834,0.9872359,0.012764078
835,0.9996314,0.00036858438
836,0.9872359,0.012764078
837,0.8135716,0.1864284
838,0.98384374,0.016156275
839,0.97195816,0.028041841
840,0.98194116,0.018058823
841,0.9872359,0.012764078
842,0.9872359,0.012764078
843,0.9872359,0.012764078
844,0.9872359,0.012764078
845,0.009472132,0.99052787
846,0.9872359,0.012764078
847,0.9872359,0.012764078
848,0.9989202,0.0010798157
849,0.8586402,0.14135984
850,0.89100546,0.10899454
851,0.9915079,0.00849213
852,1.180172e-05,0.9999882
853,0.9989202,0.0010798157
854,0.98384374,0.016156275
855,0.02152592,0.9784741
856,0.9716511,0.028348926
857,0.9984195,0.0015804914
858,0.9872359,0.012764078
859,0.00010955334,0.99989045
860,0.037758052,0.96224195
861,0.9872359,0.012764078
862,0.9872359,0.012764078
863,0.9872359,0.012764078
864,0.9872359,0.012764078
865,0.9872359,0.012764078
866,0.996065,0.0039350055
867,0.9970406,0.0029593683
868,0.9872359,0.012764078
869,0.20502716,0.79497284
870,0.996065,0.0039350055
871,0.9872359,0.012764078
872,0.0326882,0.9673118
873,0.99545217,0.0045478404
874,0.0027258992,0.9972741
875,0.9465288,0.053471178
876,0.9872359,0.012764078
877,0.9872359,0.012764078
878,0.018021166,0.98197883
879,0.9872359,0.012764078
880,0.99796444,0.0020355734
881,0.9940412,0.005958769
882,0.9992796,0.0007203731
883,0.996065,0.0039350055
884,0.6336337,0.36636633
885,0.9953668,0.004633209
886,0.9763756,0.023624424
887,0.9872359,0.012764078
888,0.99545217,0.0045478404
889,0.9916478,0.008352243
890,0.9872359,0.012764078
891,0.95195544,0.048044577
892,0.9872359,0.012764078
893,0.07368249,0.9263175
894,0.99749273,0.002507242
895,0.30933833,0.69066167
896,0.9868757,0.013124315
897,0.9872359,0.012764078
898,0.9954132,0.004586791
899,0.9899188,0.010081151
900,0.9930901,0.0069099218
901,0.9872359,0.012764078
902,0.9971717,0.0028282742
903,0.9872359,0.012764078
904,0.9872359,0.012764078
905,0.9872359,0.012764078
906,0.9872359,0.012764078
907,0.9872359,0.012764078
908,0.000972867,0.99902713
909,0.9994773,0.0005226633
910,0.99500734,0.004992644
911,0.9963056,0.003694387
912,0.9916478,0.008352243
913,0.018181086,0.9818189
914,0.7493061,0.25069395
