,0,1
0,0.86510706,0.13489296
1,0.9853557,0.014644335
2,0.36250865,0.63749135
3,0.9927051,0.00729489
4,0.9853557,0.014644335
5,0.9938131,0.0061869062
6,0.9853557,0.014644335
7,0.8339843,0.1660157
8,0.9917911,0.008208875
9,0.9847949,0.015205113
10,0.9853557,0.014644335
11,0.19567674,0.80432326
12,0.9853557,0.014644335
13,0.9853557,0.014644335
14,0.99725324,0.0027467494
15,0.9525377,0.04746226
16,0.9853557,0.014644335
17,0.99474126,0.0052587166
18,0.9004474,0.09955257
19,0.99773526,0.0022647413
20,0.9853557,0.014644335
21,0.8753574,0.124642625
22,0.9853557,0.014644335
23,0.9853557,0.014644335
24,0.9853557,0.014644335
25,0.99883187,0.001168143
26,0.70222604,0.297774
27,0.9853557,0.014644335
28,0.9847949,0.015205113
29,0.9853557,0.014644335
30,0.9853557,0.014644335
31,0.9853557,0.014644335
32,0.9853557,0.014644335
33,0.9853557,0.014644335
34,0.9853557,0.014644335
35,0.9853557,0.014644335
36,0.9853557,0.014644335
37,0.996552,0.0034480041
38,0.9853557,0.014644335
39,0.9896784,0.010321633
40,0.9853557,0.014644335
41,0.9853557,0.014644335
42,0.9853557,0.014644335
43,0.9853557,0.014644335
44,0.9853557,0.014644335
45,0.9853557,0.014644335
46,0.010648787,0.9893512
47,0.9938131,0.0061869062
48,0.9853557,0.014644335
49,0.9853557,0.014644335
50,0.99646086,0.0035391368
51,0.99725324,0.0027467494
52,0.9853557,0.014644335
53,0.9853557,0.014644335
54,0.07337892,0.9266211
55,0.13293445,0.86706555
56,0.9648425,0.0351575
57,0.9915278,0.008472199
58,0.9869204,0.013079602
59,0.9853557,0.014644335
60,0.9853557,0.014644335
61,0.9966225,0.0033774984
62,0.9525377,0.04746226
63,0.9906158,0.009384213
64,0.99725324,0.0027467494
65,0.034562945,0.96543705
66,0.9853557,0.014644335
67,0.031531155,0.96846884
68,0.9933928,0.006607153
69,0.9938131,0.0061869062
70,0.80747706,0.19252296
71,0.9853557,0.014644335
72,0.99725324,0.0027467494
73,0.9936867,0.00631333
74,0.99725324,0.0027467494
75,0.9853557,0.014644335
76,0.9853557,0.014644335
77,0.9979809,0.0020190927
78,0.9917911,0.008208875
79,0.9853557,0.014644335
80,0.78715587,0.21284413
81,0.9990501,0.0009499097
82,0.9897162,0.010283801
83,0.9906158,0.009384213
84,0.9853557,0.014644335
85,0.9950591,0.0049409172
86,0.9853557,0.014644335
87,0.9853557,0.014644335
88,0.9853557,0.014644335
89,0.00447917,0.99552083
90,0.9853557,0.014644335
91,0.9853557,0.014644335
92,0.0047822,0.9952178
93,0.9853557,0.014644335
94,0.9906158,0.009384213
95,0.99474126,0.0052587166
96,0.9853557,0.014644335
97,0.9950591,0.0049409172
98,0.9853557,0.014644335
99,0.99773526,0.0022647413
100,0.99773526,0.0022647413
101,0.9979809,0.0020190927
102,0.9993008,0.00069925084
103,0.95138866,0.048611343
104,0.9926949,0.007305108
105,0.26789707,0.73210293
106,0.002203703,0.9977963
107,0.96726406,0.03273592
108,0.9961551,0.0038449226
109,0.9886486,0.01135143
110,0.9853557,0.014644335
111,0.9936867,0.00631333
112,0.9853557,0.014644335
113,0.99919325,0.00080676214
114,0.9989808,0.0010191737
115,0.9926949,0.007305108
116,0.9712807,0.028719306
117,0.9853557,0.014644335
118,0.015702426,0.9842976
119,0.0058953166,0.9941047
120,0.009995401,0.9900046
121,0.9853557,0.014644335
122,0.014769614,0.9852304
123,0.9925553,0.0074446723
124,0.9950591,0.0049409172
125,0.9853557,0.014644335
126,0.9853557,0.014644335
127,0.9787066,0.021293417
128,0.9853557,0.014644335
129,0.9808656,0.019134406
130,0.9938131,0.0061869062
131,0.9853557,0.014644335
132,0.99572575,0.004274278
133,0.93308836,0.06691162
134,0.9853557,0.014644335
135,0.9853557,0.014644335
136,0.9979809,0.0020190927
137,0.9853557,0.014644335
138,0.9853557,0.014644335
139,0.9966225,0.0033774984
140,0.9853557,0.014644335
141,0.9853557,0.014644335
142,0.9853557,0.014644335
143,0.98402464,0.015975326
144,0.9853557,0.014644335
145,0.9950379,0.0049620615
146,0.9938131,0.0061869062
147,0.9853557,0.014644335
148,0.9853557,0.014644335
149,0.99474126,0.0052587166
150,0.9853557,0.014644335
151,0.9853557,0.014644335
152,0.9880471,0.011952851
153,0.8691436,0.13085642
154,0.019387186,0.9806128
155,0.9853557,0.014644335
156,0.9572142,0.04278582
157,0.9853557,0.014644335
158,0.0027220845,0.9972779
159,0.9137241,0.086275876
160,0.9853557,0.014644335
161,0.004406154,0.99559385
162,0.9853557,0.014644335
163,0.108290136,0.89170986
164,0.9155892,0.08441078
165,0.9853557,0.014644335
166,0.99925506,0.00074495166
167,0.9853557,0.014644335
168,0.9853557,0.014644335
169,0.9853557,0.014644335
170,0.996004,0.0039960286
171,0.9853557,0.014644335
172,0.99773526,0.0022647413
173,0.985835,0.014164974
174,0.9853557,0.014644335
175,0.99773663,0.0022633646
176,0.9712807,0.028719306
177,0.0042108893,0.9957891
178,0.9953778,0.00462222
179,0.9847949,0.015205113
180,0.9853557,0.014644335
181,0.88871884,0.11128113
182,0.9917911,0.008208875
183,0.9853557,0.014644335
184,0.4494877,0.5505123
185,0.9936867,0.00631333
186,0.866804,0.133196
187,0.0021454692,0.99785453
188,0.9853557,0.014644335
189,0.9979809,0.0020190927
190,0.66284317,0.33715683
191,0.011474133,0.98852587
192,0.9853557,0.014644335
193,0.9853557,0.014644335
194,0.80747706,0.19252296
195,0.9933928,0.006607153
196,0.9853557,0.014644335
197,0.9979809,0.0020190927
198,0.9978733,0.0021266656
199,0.9853557,0.014644335
200,0.9853557,0.014644335
201,0.9917911,0.008208875
202,0.9981376,0.0018624025
203,0.9853557,0.014644335
204,0.9950702,0.0049297684
205,0.9853557,0.014644335
206,0.979425,0.020574993
207,0.051127255,0.94887275
208,0.9853557,0.014644335
209,0.99646086,0.0035391368
210,0.9853557,0.014644335
211,0.17589295,0.82410705
212,0.9853557,0.014644335
213,0.99725324,0.0027467494
214,0.05505705,0.94494295
215,0.9853557,0.014644335
216,0.9935825,0.006417486
217,0.9853557,0.014644335
218,0.9853557,0.014644335
219,0.9853557,0.014644335
220,0.98809665,0.011903328
221,0.9853557,0.014644335
222,0.9853557,0.014644335
223,0.9853557,0.014644335
224,0.9853557,0.014644335
225,0.99006516,0.009934819
226,0.9853557,0.014644335
227,0.035956085,0.9640439
228,0.9853557,0.014644335
229,0.9853557,0.014644335
230,0.92228013,0.077719845
231,0.83601606,0.16398396
232,0.9853557,0.014644335
233,0.21097821,0.7890218
234,0.9853557,0.014644335
235,0.9853557,0.014644335
236,0.9853557,0.014644335
237,0.9853557,0.014644335
238,0.9922555,0.007744463
239,0.99773526,0.0022647413
240,0.5724323,0.42756775
241,0.997873,0.0021269822
242,0.9853557,0.014644335
243,0.9853557,0.014644335
244,0.51365924,0.48634073
245,0.9853557,0.014644335
246,0.011048615,0.9889514
247,0.9853557,0.014644335
248,0.99826777,0.0017322081
249,0.9853557,0.014644335
250,0.9853557,0.014644335
251,0.97407925,0.025920743
252,0.98819363,0.0118063865
253,0.019506752,0.98049325
254,0.9853557,0.014644335
255,0.00017744303,0.99982256
256,0.9853557,0.014644335
257,0.9853557,0.014644335
258,0.9979809,0.0020190927
259,0.0045761466,0.99542385
260,0.99725324,0.0027467494
261,0.9917911,0.008208875
262,0.9853557,0.014644335
263,0.97042096,0.02957906
264,0.9984097,0.0015903384
265,0.9853557,0.014644335
266,0.00084614754,0.99915385
267,0.993155,0.0068449997
268,0.99725324,0.0027467494
269,0.99006516,0.009934819
270,0.9853557,0.014644335
271,0.99725324,0.0027467494
272,0.9906158,0.009384213
273,0.9853557,0.014644335
274,4.851818e-05,0.9999515
275,0.9853557,0.014644335
276,0.9853557,0.014644335
277,0.9853557,0.014644335
278,0.5545783,0.44542173
279,0.9853557,0.014644335
280,0.9847949,0.015205113
281,0.9853557,0.014644335
282,0.9853557,0.014644335
283,0.03695947,0.96304053
284,0.9979809,0.0020190927
285,0.9853557,0.014644335
286,0.0056067705,0.9943932
287,0.9979809,0.0020190927
288,0.99020684,0.009793143
289,0.9853557,0.014644335
290,0.9853557,0.014644335
291,0.9853557,0.014644335
292,0.9853557,0.014644335
293,0.9853557,0.014644335
294,0.9853557,0.014644335
295,0.99773526,0.0022647413
296,0.9853557,0.014644335
297,0.9853557,0.014644335
298,0.99725324,0.0027467494
299,0.9853557,0.014644335
300,0.9853557,0.014644335
301,0.99914354,0.0008564603
302,0.98970455,0.010295446
303,0.99773526,0.0022647413
304,0.7720422,0.2279578
305,0.9979809,0.0020190927
306,0.99474126,0.0052587166
307,0.9853557,0.014644335
308,0.9853557,0.014644335
309,0.9853557,0.014644335
310,0.5309105,0.46908954
311,0.9853557,0.014644335
312,0.9853557,0.014644335
313,0.9906158,0.009384213
314,0.99725324,0.0027467494
315,0.9982183,0.0017816874
316,0.9853557,0.014644335
317,0.89598477,0.1040152
318,0.9853557,0.014644335
319,0.9853557,0.014644335
320,0.91820604,0.081793964
321,0.9922555,0.007744463
322,0.9935825,0.006417486
323,0.9853557,0.014644335
324,0.002436757,0.99756324
325,0.9853557,0.014644335
326,0.9853557,0.014644335
327,0.9853557,0.014644335
328,0.9853557,0.014644335
329,0.4941331,0.5058669
330,0.782819,0.21718104
331,0.9853557,0.014644335
332,0.9853557,0.014644335
333,0.9853557,0.014644335
334,0.9853557,0.014644335
335,0.99646086,0.0035391368
336,0.9853557,0.014644335
337,0.99293405,0.0070659295
338,0.9853557,0.014644335
339,0.9853557,0.014644335
340,0.9704927,0.029507253
341,0.9853557,0.014644335
342,0.9853557,0.014644335
343,0.4520461,0.5479539
344,0.99304926,0.006950753
345,0.9853557,0.014644335
346,0.98809665,0.011903328
347,0.9853557,0.014644335
348,0.9853557,0.014644335
349,0.9853557,0.014644335
350,0.9853557,0.014644335
351,0.9853557,0.014644335
352,0.9979809,0.0020190927
353,0.9853557,0.014644335
354,0.049355686,0.9506443
355,0.9938131,0.0061869062
356,0.9853557,0.014644335
357,0.9853557,0.014644335
358,0.9853557,0.014644335
359,0.9853557,0.014644335
360,0.9853557,0.014644335
361,0.9896784,0.010321633
362,0.9979809,0.0020190927
363,0.9853557,0.014644335
364,0.9950591,0.0049409172
365,0.98819363,0.0118063865
366,0.9833156,0.016684415
367,0.9853557,0.014644335
368,0.99919075,0.00080923294
369,0.009328723,0.9906713
370,0.08700991,0.9129901
371,0.90404195,0.09595806
372,0.99773526,0.0022647413
373,0.9869204,0.013079602
374,0.9853557,0.014644335
375,0.9853557,0.014644335
376,0.9853557,0.014644335
377,0.98954165,0.010458347
378,0.9853557,0.014644335
379,0.9979809,0.0020190927
380,0.98859,0.01141001
381,0.99773526,0.0022647413
382,0.3232761,0.6767239
383,0.9853557,0.014644335
384,0.9853557,0.014644335
385,0.9853557,0.014644335
386,0.9853557,0.014644335
387,0.9756275,0.024372509
388,0.90813667,0.09186331
389,0.97316146,0.026838528
390,0.0335263,0.9664737
391,0.99754584,0.002454188
392,0.9853557,0.014644335
393,0.0010849237,0.9989151
394,0.9853557,0.014644335
395,0.006021023,0.993979
396,0.9853557,0.014644335
397,0.9938131,0.0061869062
398,0.9853557,0.014644335
399,0.9853557,0.014644335
400,0.98859,0.01141001
401,0.00045007467,0.9995499
402,0.9938131,0.0061869062
403,0.99725324,0.0027467494
404,0.9797566,0.02024341
405,0.9853557,0.014644335
406,0.9853557,0.014644335
407,0.9853557,0.014644335
408,0.9853557,0.014644335
409,0.9853557,0.014644335
410,0.44326556,0.55673444
411,0.9853557,0.014644335
412,0.9853557,0.014644335
413,0.47444195,0.52555805
414,0.98819363,0.0118063865
415,0.13507688,0.8649231
416,0.0926435,0.9073565
417,0.9815153,0.018484736
418,0.4694879,0.5305121
419,0.97781205,0.022187972
420,0.99901766,0.0009823706
421,0.9853557,0.014644335
422,0.9853557,0.014644335
423,0.99646086,0.0035391368
424,0.9853557,0.014644335
425,0.99646086,0.0035391368
426,0.9994163,0.00058371923
427,0.56420326,0.43579674
428,0.9904086,0.009591394
429,0.039099097,0.9609009
430,0.9853557,0.014644335
431,0.9979809,0.0020190927
432,0.9853557,0.014644335
433,0.9938131,0.0061869062
434,0.9853557,0.014644335
435,0.9447649,0.055235106
436,0.9917911,0.008208875
437,0.9853557,0.014644335
438,0.9958121,0.0041878875
439,0.9938131,0.0061869062
440,0.9853557,0.014644335
441,0.9853557,0.014644335
442,0.9853557,0.014644335
443,0.9938131,0.0061869062
444,0.9853557,0.014644335
445,0.0010915995,0.9989084
446,0.9959997,0.004000312
447,0.9853557,0.014644335
448,0.9853557,0.014644335
449,0.9917911,0.008208875
450,0.10303092,0.8969691
451,0.9853557,0.014644335
452,0.9853557,0.014644335
453,0.9108474,0.089152545
454,0.9974367,0.0025633117
455,0.9950591,0.0049409172
456,0.9979809,0.0020190927
457,0.99725324,0.0027467494
458,0.048077464,0.95192254
459,0.9853557,0.014644335
460,0.9938131,0.0061869062
461,0.9853557,0.014644335
462,0.9853557,0.014644335
463,0.9950591,0.0049409172
464,0.9979809,0.0020190927
465,0.97316146,0.026838528
466,0.9853557,0.014644335
467,0.13858855,0.86141145
468,0.9833156,0.016684415
469,0.9853557,0.014644335
470,0.99921906,0.00078095
471,0.9853557,0.014644335
472,0.9938131,0.0061869062
473,0.9853557,0.014644335
474,0.9906158,0.009384213
475,0.8983332,0.10166681
476,0.948867,0.05113299
477,0.9853557,0.014644335
478,0.9853557,0.014644335
479,0.9853557,0.014644335
480,0.9853557,0.014644335
481,0.10951513,0.89048487
482,0.9853557,0.014644335
483,0.9853557,0.014644335
484,0.9853557,0.014644335
485,0.96830827,0.03169174
486,0.99952656,0.00047342788
487,0.9853557,0.014644335
488,0.9853557,0.014644335
489,0.994133,0.005867015
490,0.9853557,0.014644335
491,0.9926949,0.007305108
492,0.40381974,0.59618026
493,0.9853557,0.014644335
494,0.953065,0.046935048
495,0.6851227,0.31487727
496,0.9966225,0.0033774984
497,0.010122716,0.9898773
498,0.99006516,0.009934819
499,0.0011226535,0.99887735
500,0.99773526,0.0022647413
501,0.008750558,0.99124944
502,0.9853557,0.014644335
503,0.99773526,0.0022647413
504,0.9853557,0.014644335
505,0.8406262,0.15937383
506,0.9917911,0.008208875
507,0.9853557,0.014644335
508,0.057128906,0.9428711
509,0.0017217398,0.99827826
510,0.9853557,0.014644335
511,0.99942917,0.0005708051
512,0.9853557,0.014644335
513,0.99474126,0.0052587166
514,0.99361336,0.0063866624
515,0.9853557,0.014644335
516,0.99432135,0.005678635
517,0.99773526,0.0022647413
518,0.99725324,0.0027467494
519,0.9853557,0.014644335
520,0.9847949,0.015205113
521,0.002119422,0.9978806
522,0.9853557,0.014644335
523,0.0024548173,0.9975452
524,0.9853557,0.014644335
525,0.9853557,0.014644335
526,0.9853557,0.014644335
527,0.9853557,0.014644335
528,0.9853557,0.014644335
529,0.8741191,0.1258809
530,0.9853557,0.014644335
531,0.9447649,0.055235106
532,0.041362286,0.9586377
533,0.9926949,0.007305108
534,0.9853557,0.014644335
535,0.99635804,0.0036419737
536,0.9853557,0.014644335
537,0.70882225,0.29117772
538,0.9853557,0.014644335
539,0.9979809,0.0020190927
540,0.9926949,0.007305108
541,0.0037010312,0.99629897
542,0.9979809,0.0020190927
543,0.9938131,0.0061869062
544,0.9988628,0.0011371798
545,0.9853557,0.014644335
546,0.9938131,0.0061869062
547,0.9966225,0.0033774984
548,0.9853557,0.014644335
549,0.9853557,0.014644335
550,0.5726323,0.42736772
551,0.9853557,0.014644335
552,0.9853557,0.014644335
553,0.9853557,0.014644335
554,0.9776525,0.022347527
555,0.9853557,0.014644335
556,0.9917911,0.008208875
557,0.90404195,0.09595806
558,0.76633406,0.23366596
559,0.99330586,0.006694157
560,0.99914354,0.0008564603
561,0.99646086,0.0035391368
562,0.9853557,0.014644335
563,0.9853557,0.014644335
564,0.9853557,0.014644335
565,0.89480144,0.10519855
566,0.9906158,0.009384213
567,0.9853557,0.014644335
568,0.9853557,0.014644335
569,0.99883187,0.001168143
570,0.9853557,0.014644335
571,0.9853557,0.014644335
572,0.9853557,0.014644335
573,0.9853557,0.014644335
574,0.9853557,0.014644335
575,0.9853557,0.014644335
576,0.9853557,0.014644335
577,0.10172486,0.89827514
578,0.9853557,0.014644335
579,0.9853557,0.014644335
580,0.9853557,0.014644335
581,0.9853557,0.014644335
582,0.008873522,0.9911265
583,0.9853557,0.014644335
584,0.9935825,0.006417486
585,0.00076413155,0.99923587
586,0.9853557,0.014644335
587,0.9847949,0.015205113
588,0.99725324,0.0027467494
589,0.8836544,0.116345584
590,0.9847949,0.015205113
591,0.9979809,0.0020190927
592,0.9948009,0.0051990664
593,0.9853557,0.014644335
594,0.9925553,0.0074446723
595,0.98970455,0.010295446
596,0.9853557,0.014644335
597,0.9853557,0.014644335
598,0.9908936,0.009106375
599,0.99491775,0.005082276
600,0.9853557,0.014644335
601,0.99883187,0.001168143
602,0.9853557,0.014644335
603,0.9911147,0.008885349
604,0.9853557,0.014644335
605,0.95776683,0.04223317
606,0.9826232,0.017376764
607,0.0050011873,0.9949988
608,0.9917911,0.008208875
609,0.9979809,0.0020190927
610,0.997468,0.0025319806
611,0.00031256676,0.99968743
612,0.00017505884,0.99982494
613,0.9853557,0.014644335
614,0.9853557,0.014644335
615,0.99725324,0.0027467494
616,0.9853557,0.014644335
617,0.9853557,0.014644335
618,0.19198173,0.80801827
619,0.9979264,0.0020735867
620,0.9853557,0.014644335
621,0.9853557,0.014644335
622,0.9853557,0.014644335
623,0.9853557,0.014644335
624,0.9979809,0.0020190927
625,0.7049331,0.2950669
626,0.66166586,0.33833414
627,0.9853557,0.014644335
628,0.9853557,0.014644335
629,0.0013919473,0.99860805
630,0.9712807,0.028719306
631,0.9853557,0.014644335
632,0.9853557,0.014644335
633,0.99725324,0.0027467494
634,0.9853557,0.014644335
635,0.99474126,0.0052587166
636,0.9853557,0.014644335
637,0.9853557,0.014644335
638,0.9853557,0.014644335
639,0.9853557,0.014644335
640,0.9896784,0.010321633
641,0.99919325,0.00080676214
642,0.9853557,0.014644335
643,0.9544885,0.045511484
644,0.9853557,0.014644335
645,0.8881257,0.11187427
646,0.9979149,0.002085102
647,0.9853557,0.014644335
648,0.99421763,0.0057823677
649,0.9979809,0.0020190927
650,0.9525377,0.04746226
651,0.9853557,0.014644335
652,0.99887455,0.0011254642
653,0.9853557,0.014644335
654,0.9782355,0.02176453
655,0.9837661,0.016233929
656,0.9853557,0.014644335
657,0.9853557,0.014644335
658,0.9853557,0.014644335
659,0.9950591,0.0049409172
660,0.9936867,0.00631333
661,0.99474126,0.0052587166
662,0.99725324,0.0027467494
663,0.99870145,0.0012985243
664,0.9906158,0.009384213
665,0.9853557,0.014644335
666,0.9853557,0.014644335
667,0.993155,0.0068449997
668,0.96542346,0.03457652
669,0.99006516,0.009934819
670,0.9853557,0.014644335
671,0.9704927,0.029507253
672,0.056408346,0.94359165
673,0.9853557,0.014644335
674,0.9853557,0.014644335
675,0.99316305,0.006836958
676,0.9853557,0.014644335
677,0.9853557,0.014644335
678,0.99773526,0.0022647413
679,0.00076413155,0.99923587
680,0.9627967,0.037203323
681,0.9853557,0.014644335
682,0.99773526,0.0022647413
683,0.0037010312,0.99629897
684,0.9853557,0.014644335
685,0.9853557,0.014644335
686,0.9853557,0.014644335
687,0.98730236,0.012697655
688,0.9725732,0.027426781
689,0.99826616,0.0017338416
690,0.9853557,0.014644335
691,0.9938131,0.0061869062
692,0.9853557,0.014644335
693,0.9853557,0.014644335
694,0.9853557,0.014644335
695,0.9853557,0.014644335
696,0.03564775,0.96435225
697,0.9853557,0.014644335
698,0.99061674,0.009383251
699,0.004946232,0.99505377
700,0.9853557,0.014644335
701,0.99020684,0.009793143
702,0.9853557,0.014644335
703,0.9924185,0.0075814594
704,0.99646086,0.0035391368
705,0.9853557,0.014644335
706,0.99646086,0.0035391368
707,0.6751672,0.3248328
708,0.9572142,0.04278582
709,0.9853557,0.014644335
710,0.9906158,0.009384213
711,0.9853557,0.014644335
712,0.9853557,0.014644335
713,0.9853557,0.014644335
714,0.9853557,0.014644335
715,0.9853557,0.014644335
716,0.9869204,0.013079602
717,0.9880471,0.011952851
718,1.7881393e-05,0.9999821
719,0.99548537,0.0045146374
720,0.9853557,0.014644335
721,0.9979809,0.0020190927
722,0.9853557,0.014644335
723,0.9853557,0.014644335
724,0.9853557,0.014644335
725,0.9966225,0.0033774984
726,0.9853557,0.014644335
727,0.9853557,0.014644335
728,0.27706486,0.72293514
729,0.9853557,0.014644335
730,0.9853557,0.014644335
731,0.9853557,0.014644335
732,0.9853557,0.014644335
733,0.9853557,0.014644335
734,0.9853557,0.014644335
735,0.0006403327,0.99935967
736,0.9853557,0.014644335
737,0.9936039,0.0063961437
738,0.9853557,0.014644335
739,0.99474126,0.0052587166
740,0.20169044,0.79830956
741,0.9853557,0.014644335
742,0.98809665,0.011903328
743,0.96084154,0.039158452
744,0.19098723,0.8090128
745,0.9853557,0.014644335
746,0.9853557,0.014644335
747,0.9911147,0.008885349
748,0.95286286,0.047137126
749,0.9938131,0.0061869062
750,0.98402464,0.015975326
751,0.9853557,0.014644335
752,0.9853557,0.014644335
753,0.99006516,0.009934819
754,0.9847949,0.015205113
755,0.9853557,0.014644335
756,0.9853557,0.014644335
757,0.00047695637,0.99952304
758,0.00010108948,0.9998989
759,0.98741823,0.0125817675
760,0.9853557,0.014644335
761,0.9853557,0.014644335
762,0.97083426,0.029165765
763,0.9853557,0.014644335
764,0.0005696416,0.99943036
765,0.99967724,0.0003227585
766,0.9853557,0.014644335
767,0.99725324,0.0027467494
768,0.99725324,0.0027467494
769,0.9853557,0.014644335
770,0.99361837,0.006381608
771,0.9018699,0.09813012
772,0.33440626,0.66559374
773,0.99725324,0.0027467494
774,0.9837661,0.016233929
775,0.9853557,0.014644335
776,0.9906158,0.009384213
777,0.78715587,0.21284413
778,0.9853557,0.014644335
779,1.7404556e-05,0.9999826
780,0.98970455,0.010295446
781,0.9853557,0.014644335
782,0.99725324,0.0027467494
783,0.98775965,0.012240342
784,0.96084154,0.039158452
785,0.000116467476,0.99988353
786,0.9853557,0.014644335
787,0.9853557,0.014644335
788,0.9911417,0.008858346
789,0.99725324,0.0027467494
790,0.9900849,0.009915102
791,0.9704927,0.029507253
792,0.9853557,0.014644335
793,0.9853557,0.014644335
794,0.9847949,0.015205113
795,0.9906158,0.009384213
796,0.99725324,0.0027467494
797,0.98859,0.01141001
798,0.9853557,0.014644335
799,0.9917911,0.008208875
800,0.6450578,0.35494223
801,0.2906567,0.7093433
802,0.96352834,0.036471646
803,0.9853557,0.014644335
804,0.0034545064,0.9965455
805,0.9853557,0.014644335
806,0.9712807,0.028719306
807,0.02541703,0.97458297
808,0.9853557,0.014644335
809,0.9924185,0.0075814594
810,0.9853557,0.014644335
811,0.046182454,0.95381755
812,0.9979809,0.0020190927
813,0.99773526,0.0022647413
814,0.99942917,0.0005708051
815,0.9926949,0.007305108
816,0.0070049167,0.9929951
817,0.9853557,0.014644335
818,0.9979809,0.0020190927
819,0.9853557,0.014644335
820,0.11303377,0.8869662
821,0.00043171644,0.9995683
822,0.812038,0.18796201
823,0.9853557,0.014644335
824,0.6359341,0.3640659
825,0.9853557,0.014644335
826,0.9853557,0.014644335
827,0.99006516,0.009934819
828,0.9853557,0.014644335
829,0.99915326,0.0008467557
830,0.9926949,0.007305108
831,0.9853557,0.014644335
832,0.9853557,0.014644335
833,0.9853557,0.014644335
834,0.9936867,0.00631333
835,0.99502414,0.0049758796
836,0.9853557,0.014644335
837,0.83625185,0.16374813
838,0.99842286,0.0015771181
839,0.9853557,0.014644335
840,0.9853557,0.014644335
841,0.9853557,0.014644335
842,0.9934793,0.006520689
843,0.9853557,0.014644335
844,0.9853557,0.014644335
845,0.0041747093,0.9958253
846,0.9853557,0.014644335
847,0.99883187,0.001168143
848,0.9926949,0.007305108
849,0.9967064,0.0032935694
850,0.9072913,0.09270873
851,0.9853557,0.014644335
852,3.4570694e-06,0.99999654
853,0.9926949,0.007305108
854,0.9953662,0.0046337587
855,0.28360683,0.7163932
856,0.9704927,0.029507253
857,0.9853557,0.014644335
858,0.9853557,0.014644335
859,0.00028663874,0.99971336
860,0.028425217,0.9715748
861,0.9853557,0.014644335
862,0.9853557,0.014644335
863,0.9853557,0.014644335
864,0.9853557,0.014644335
865,0.99503106,0.0049689338
866,0.9853557,0.014644335
867,0.9979809,0.0020190927
868,0.99725324,0.0027467494
869,0.28255618,0.7174438
870,0.9853557,0.014644335
871,0.99293405,0.0070659295
872,0.0346902,0.9653098
873,0.99725324,0.0027467494
874,0.0016109943,0.998389
875,0.97087735,0.029122658
876,0.9853557,0.014644335
877,0.9843488,0.01565125
878,0.024304569,0.97569543
879,0.9853557,0.014644335
880,0.99654496,0.0034550352
881,0.9847949,0.015205113
882,0.9984656,0.0015344096
883,0.9853557,0.014644335
884,0.28359276,0.71640724
885,0.9853557,0.014644335
886,0.9562896,0.043710392
887,0.9853557,0.014644335
888,0.9853557,0.014644335
889,0.9938131,0.0061869062
890,0.9853557,0.014644335
891,0.95776683,0.04223317
892,0.9853557,0.014644335
893,0.0050014257,0.9949986
894,0.9983639,0.0016360888
895,0.039842606,0.9601574
896,0.9963415,0.0036584507
897,0.9853557,0.014644335
898,0.9784943,0.021505713
899,0.9978783,0.0021216613
900,0.9853557,0.014644335
901,0.9853557,0.014644335
902,0.9853557,0.014644335
903,0.99942565,0.0005743341
904,0.9853557,0.014644335
905,0.99725324,0.0027467494
906,0.99773526,0.0022647413
907,0.9911147,0.008885349
908,0.004406154,0.99559385
909,0.99773663,0.0022633646
910,0.97042096,0.02957906
911,0.9877142,0.012285855
912,0.9938131,0.0061869062
913,0.013991177,0.9860088
914,0.6622499,0.3377501
