,0,1
0,0.98135746,0.01864257
1,0.98135746,0.01864257
2,0.9173642,0.082635835
3,0.98135746,0.01864257
4,6.175041e-05,0.99993825
5,0.98135746,0.01864257
6,0.98135746,0.01864257
7,0.98135746,0.01864257
8,0.003995836,0.99600416
9,0.98135746,0.01864257
10,0.9624734,0.037526596
11,0.98135746,0.01864257
12,0.98135746,0.01864257
13,0.98135746,0.01864257
14,0.00010919571,0.9998908
15,0.98135746,0.01864257
16,0.98135746,0.01864257
17,0.98135746,0.01864257
18,0.98135746,0.01864257
19,0.98135746,0.01864257
20,0.98135746,0.01864257
21,0.98135746,0.01864257
22,0.98135746,0.01864257
23,0.98135746,0.01864257
24,0.98135746,0.01864257
25,0.98135746,0.01864257
26,0.1830818,0.8169182
27,0.98135746,0.01864257
28,0.98135746,0.01864257
29,0.98135746,0.01864257
30,0.98135746,0.01864257
31,0.98135746,0.01864257
32,0.98135746,0.01864257
33,0.98135746,0.01864257
34,0.98135746,0.01864257
35,0.98135746,0.01864257
36,0.392599,0.607401
37,0.98135746,0.01864257
38,0.98135746,0.01864257
39,0.98135746,0.01864257
40,0.98135746,0.01864257
41,0.98135746,0.01864257
42,0.98135746,0.01864257
43,0.98135746,0.01864257
44,0.006412506,0.9935875
45,0.98135746,0.01864257
46,0.98135746,0.01864257
47,0.98135746,0.01864257
48,0.98135746,0.01864257
49,0.98135746,0.01864257
50,0.98135746,0.01864257
51,0.98135746,0.01864257
52,0.98135746,0.01864257
53,0.98135746,0.01864257
54,0.98135746,0.01864257
55,0.98135746,0.01864257
56,0.98135746,0.01864257
57,0.98135746,0.01864257
58,0.9666668,0.03333316
59,0.0002362132,0.9997638
60,0.98135746,0.01864257
61,0.98135746,0.01864257
62,0.98135746,0.01864257
63,0.98135746,0.01864257
64,0.98135746,0.01864257
65,0.98135746,0.01864257
66,0.98135746,0.01864257
67,0.98135746,0.01864257
68,0.98135746,0.01864257
69,0.98135746,0.01864257
70,0.98135746,0.01864257
71,0.1830818,0.8169182
72,0.98135746,0.01864257
73,0.98135746,0.01864257
74,0.98135746,0.01864257
75,0.98135746,0.01864257
76,0.98135746,0.01864257
77,0.2560953,0.7439047
78,0.98135746,0.01864257
79,0.98135746,0.01864257
80,0.98135746,0.01864257
81,0.98135746,0.01864257
82,0.025901854,0.97409815
83,0.98135746,0.01864257
84,0.98135746,0.01864257
85,0.98135746,0.01864257
86,0.98135746,0.01864257
87,0.98135746,0.01864257
88,0.98135746,0.01864257
89,0.6133318,0.38666818
90,0.00036251545,0.9996375
91,0.98135746,0.01864257
92,0.98135746,0.01864257
93,0.011536062,0.98846394
94,0.98135746,0.01864257
95,0.98135746,0.01864257
96,0.98135746,0.01864257
97,0.98135746,0.01864257
98,0.98135746,0.01864257
99,0.12253612,0.8774639
100,0.969743,0.030257002
101,0.98135746,0.01864257
102,0.98135746,0.01864257
103,0.98135746,0.01864257
104,0.98135746,0.01864257
105,0.98135746,0.01864257
106,0.98135746,0.01864257
107,0.98135746,0.01864257
108,0.98135746,0.01864257
109,0.98135746,0.01864257
110,0.98135746,0.01864257
111,0.92955184,0.070448145
112,0.98135746,0.01864257
113,0.98135746,0.01864257
114,0.98135746,0.01864257
115,0.6630344,0.33696562
116,0.98135746,0.01864257
117,0.98135746,0.01864257
118,0.98135746,0.01864257
119,0.98135746,0.01864257
120,0.98135746,0.01864257
121,0.98135746,0.01864257
122,0.98135746,0.01864257
123,0.98135746,0.01864257
124,0.98135746,0.01864257
125,0.98135746,0.01864257
126,0.9624734,0.037526596
127,0.7591705,0.24082951
128,0.98135746,0.01864257
129,0.98135746,0.01864257
130,0.98135746,0.01864257
131,0.98135746,0.01864257
132,0.97862065,0.021379352
133,0.98135746,0.01864257
134,0.8770039,0.12299606
135,0.98135746,0.01864257
136,0.98135746,0.01864257
137,0.98135746,0.01864257
138,0.969743,0.030257002
139,0.9626723,0.037327733
140,0.98135746,0.01864257
141,0.98135746,0.01864257
142,0.98135746,0.01864257
143,0.98135746,0.01864257
144,0.98135746,0.01864257
145,0.98135746,0.01864257
146,0.98135746,0.01864257
147,0.98135746,0.01864257
148,0.98135746,0.01864257
149,0.98135746,0.01864257
150,0.22169441,0.7783056
151,0.23131299,0.768687
152,0.98135746,0.01864257
153,0.98135746,0.01864257
154,0.98135746,0.01864257
155,0.9586124,0.041387606
156,0.08252299,0.917477
157,0.98135746,0.01864257
158,0.98135746,0.01864257
159,0.98135746,0.01864257
160,0.98135746,0.01864257
161,0.98135746,0.01864257
162,0.98135746,0.01864257
163,0.8770039,0.12299606
164,0.98135746,0.01864257
165,0.98135746,0.01864257
166,0.98135746,0.01864257
167,0.98135746,0.01864257
168,0.98135746,0.01864257
169,0.98135746,0.01864257
170,0.98135746,0.01864257
171,0.98135746,0.01864257
172,0.98135746,0.01864257
173,0.969743,0.030257002
174,0.98135746,0.01864257
175,0.98135746,0.01864257
176,0.98135746,0.01864257
177,0.98135746,0.01864257
178,0.905174,0.09482596
179,0.98135746,0.01864257
180,0.98135746,0.01864257
181,0.98135746,0.01864257
182,0.98135746,0.01864257
183,0.98135746,0.01864257
184,0.98135746,0.01864257
185,0.98135746,0.01864257
186,0.9793031,0.020696908
187,0.9415102,0.058489807
188,0.9624734,0.037526596
189,0.98135746,0.01864257
190,0.98135746,0.01864257
191,0.98135746,0.01864257
192,0.98135746,0.01864257
193,0.98135746,0.01864257
194,0.0066346526,0.99336535
195,0.98135746,0.01864257
196,0.98135746,0.01864257
197,0.98135746,0.01864257
198,0.98135746,0.01864257
199,0.98135746,0.01864257
200,0.98135746,0.01864257
201,0.018015206,0.9819848
202,0.98135746,0.01864257
203,0.98135746,0.01864257
204,0.98135746,0.01864257
205,0.98135746,0.01864257
206,0.98135746,0.01864257
207,0.98135746,0.01864257
208,0.0031086802,0.9968913
209,0.98135746,0.01864257
210,0.98135746,0.01864257
211,0.98135746,0.01864257
212,0.9611557,0.03884431
213,0.98135746,0.01864257
214,0.98135746,0.01864257
215,0.001476109,0.9985239
216,0.98135746,0.01864257
217,0.98135746,0.01864257
218,0.98135746,0.01864257
219,0.23836207,0.7616379
220,0.98135746,0.01864257
221,0.98135746,0.01864257
222,0.98135746,0.01864257
223,0.98135746,0.01864257
224,0.68948877,0.31051126
225,0.98135746,0.01864257
226,0.0141867995,0.9858132
227,0.98135746,0.01864257
228,0.98135746,0.01864257
229,0.07775068,0.9222493
230,0.98135746,0.01864257
231,0.98135746,0.01864257
232,0.98135746,0.01864257
233,0.98135746,0.01864257
234,0.98135746,0.01864257
235,0.9173642,0.082635835
236,0.98135746,0.01864257
237,0.0025806427,0.99741936
238,0.045603395,0.9543966
239,0.98135746,0.01864257
240,0.98135746,0.01864257
241,0.014611065,0.98538893
242,0.98135746,0.01864257
243,0.98135746,0.01864257
244,0.94065547,0.059344552
245,0.98135746,0.01864257
246,0.98135746,0.01864257
247,0.98135746,0.01864257
248,0.98135746,0.01864257
249,0.98135746,0.01864257
250,0.92955184,0.070448145
251,0.98135746,0.01864257
252,0.98135746,0.01864257
253,0.98135746,0.01864257
254,0.98135746,0.01864257
255,0.98135746,0.01864257
256,0.98135746,0.01864257
257,0.98135746,0.01864257
258,0.98135746,0.01864257
259,0.98135746,0.01864257
260,0.98135746,0.01864257
261,0.98135746,0.01864257
262,0.98135746,0.01864257
263,0.98135746,0.01864257
264,0.98135746,0.01864257
265,0.98135746,0.01864257
266,0.98135746,0.01864257
267,0.98135746,0.01864257
268,0.98135746,0.01864257
269,0.98135746,0.01864257
270,0.98135746,0.01864257
271,0.98135746,0.01864257
272,0.98135746,0.01864257
273,0.98135746,0.01864257
274,0.98135746,0.01864257
275,0.98135746,0.01864257
276,0.98135746,0.01864257
277,0.1323784,0.8676216
278,0.98135746,0.01864257
279,0.98135746,0.01864257
280,0.98135746,0.01864257
281,0.67470837,0.32529166
282,0.98135746,0.01864257
283,0.98135746,0.01864257
284,0.98135746,0.01864257
285,0.98135746,0.01864257
286,0.98135746,0.01864257
287,0.98135746,0.01864257
288,0.98135746,0.01864257
289,0.969743,0.030257002
290,0.98135746,0.01864257
291,0.98135746,0.01864257
292,0.98135746,0.01864257
293,0.98135746,0.01864257
294,0.98135746,0.01864257
295,0.98135746,0.01864257
296,0.89933556,0.10066444
297,0.98135746,0.01864257
298,0.98135746,0.01864257
299,0.98135746,0.01864257
300,0.008498311,0.9915017
301,0.98135746,0.01864257
302,0.98135746,0.01864257
303,0.98135746,0.01864257
304,0.98135746,0.01864257
305,0.98135746,0.01864257
306,0.98135746,0.01864257
307,0.98135746,0.01864257
308,0.98135746,0.01864257
309,0.98135746,0.01864257
310,0.94734323,0.052656773
311,0.98135746,0.01864257
312,0.98135746,0.01864257
313,0.98135746,0.01864257
314,0.98135746,0.01864257
315,0.98135746,0.01864257
316,0.98135746,0.01864257
317,0.041187882,0.9588121
318,0.98135746,0.01864257
319,0.67470837,0.32529166
320,0.98135746,0.01864257
321,0.98135746,0.01864257
322,0.98135746,0.01864257
323,0.98135746,0.01864257
324,0.98135746,0.01864257
325,0.0015870333,0.99841297
326,0.90923566,0.09076435
327,0.98135746,0.01864257
328,0.90923566,0.09076435
329,0.9303691,0.0696309
330,0.61315215,0.38684782
331,0.98135746,0.01864257
332,0.98135746,0.01864257
333,0.98135746,0.01864257
334,0.98135746,0.01864257
335,0.98135746,0.01864257
336,0.98135746,0.01864257
337,0.00024122,0.9997588
338,0.98135746,0.01864257
339,0.8882053,0.11179468
340,0.98135746,0.01864257
341,0.98135746,0.01864257
342,0.98135746,0.01864257
343,0.98135746,0.01864257
344,0.98135746,0.01864257
345,0.98135746,0.01864257
346,0.98135746,0.01864257
347,0.9478817,0.05211833
348,0.98135746,0.01864257
349,0.98135746,0.01864257
350,0.08346063,0.9165394
351,0.98135746,0.01864257
352,0.98135746,0.01864257
353,0.100038946,0.89996105
354,0.0034987926,0.9965012
355,0.6630344,0.33696562
356,0.98135746,0.01864257
357,0.98135746,0.01864257
358,0.82286817,0.17713182
359,0.98135746,0.01864257
360,0.98135746,0.01864257
361,0.022946179,0.9770538
362,0.98135746,0.01864257
363,0.98135746,0.01864257
364,0.6133318,0.38666818
365,0.98135746,0.01864257
366,0.98135746,0.01864257
367,0.98135746,0.01864257
368,0.98135746,0.01864257
369,0.98135746,0.01864257
370,0.98135746,0.01864257
371,0.98135746,0.01864257
372,0.00834614,0.99165386
373,0.98135746,0.01864257
374,2.3126602e-05,0.9999769
375,0.98135746,0.01864257
376,0.98135746,0.01864257
377,0.98135746,0.01864257
378,0.98135746,0.01864257
379,0.98135746,0.01864257
380,0.98135746,0.01864257
381,0.922353,0.077646986
382,0.98135746,0.01864257
383,0.98135746,0.01864257
384,0.98135746,0.01864257
385,0.052052617,0.9479474
386,0.98135746,0.01864257
387,0.98135746,0.01864257
388,0.98135746,0.01864257
389,0.98135746,0.01864257
390,6.568432e-05,0.9999343
391,0.98135746,0.01864257
392,0.98135746,0.01864257
393,0.98135746,0.01864257
394,0.0008292198,0.9991708
395,0.98135746,0.01864257
396,0.98135746,0.01864257
397,0.98135746,0.01864257
398,0.98135746,0.01864257
399,0.98135746,0.01864257
400,0.98135746,0.01864257
401,0.0007980466,0.99920195
402,0.98135746,0.01864257
403,0.98135746,0.01864257
404,0.98135746,0.01864257
405,0.0022704005,0.9977296
406,0.98135746,0.01864257
407,0.98135746,0.01864257
408,0.98135746,0.01864257
409,0.98135746,0.01864257
410,0.98135746,0.01864257
411,0.9693393,0.030660706
412,0.93681306,0.06318695
413,0.98135746,0.01864257
414,0.9478817,0.05211833
415,0.98135746,0.01864257
416,0.00029486418,0.99970514
417,0.6133498,0.3866502
418,0.0029539466,0.99704605
419,0.98135746,0.01864257
420,0.969743,0.030257002
421,0.98135746,0.01864257
422,0.98135746,0.01864257
423,0.98135746,0.01864257
424,0.98135746,0.01864257
425,0.9173642,0.082635835
426,0.98135746,0.01864257
427,0.98135746,0.01864257
428,0.98135746,0.01864257
429,0.0052830577,0.99471694
430,0.9173642,0.082635835
431,0.98135746,0.01864257
432,0.98135746,0.01864257
433,0.98135746,0.01864257
434,0.98135746,0.01864257
435,0.98135746,0.01864257
436,0.98135746,0.01864257
437,0.9173642,0.082635835
438,0.98135746,0.01864257
439,0.98135746,0.01864257
440,0.98135746,0.01864257
441,0.98135746,0.01864257
442,0.9478817,0.05211833
443,0.98135746,0.01864257
444,0.07765812,0.9223419
445,0.98135746,0.01864257
446,0.98135746,0.01864257
447,0.98135746,0.01864257
448,0.98135746,0.01864257
449,0.98135746,0.01864257
450,0.98135746,0.01864257
451,0.02080375,0.97919625
452,0.98135746,0.01864257
453,0.98135746,0.01864257
454,0.98135746,0.01864257
455,0.98135746,0.01864257
456,0.08806336,0.91193664
457,0.98135746,0.01864257
458,0.98135746,0.01864257
459,0.98135746,0.01864257
460,0.98135746,0.01864257
461,0.98135746,0.01864257
462,0.98135746,0.01864257
463,0.98135746,0.01864257
464,0.82286817,0.17713182
465,0.00088614225,0.99911386
466,0.98135746,0.01864257
467,0.98135746,0.01864257
468,0.98135746,0.01864257
469,0.98135746,0.01864257
470,0.98135746,0.01864257
471,0.98135746,0.01864257
472,0.98135746,0.01864257
473,0.8735222,0.1264778
474,0.3212458,0.6787542
475,0.98135746,0.01864257
476,0.98135746,0.01864257
477,0.98135746,0.01864257
478,0.98135746,0.01864257
479,0.0050436854,0.9949563
480,0.98135746,0.01864257
481,0.98135746,0.01864257
482,0.98135746,0.01864257
483,0.98135746,0.01864257
484,0.98135746,0.01864257
485,0.41413403,0.585866
486,0.98135746,0.01864257
487,0.0010522008,0.9989478
488,0.98135746,0.01864257
489,0.98135746,0.01864257
490,0.98135746,0.01864257
491,0.98135746,0.01864257
492,0.98135746,0.01864257
493,0.98135746,0.01864257
494,0.98135746,0.01864257
495,0.6133318,0.38666818
496,0.98135746,0.01864257
497,0.98135746,0.01864257
498,0.98135746,0.01864257
499,0.010816097,0.9891839
500,0.98135746,0.01864257
501,0.98135746,0.01864257
502,0.98135746,0.01864257
503,0.98135746,0.01864257
504,0.00043958426,0.9995604
505,0.98135746,0.01864257
506,0.98135746,0.01864257
507,0.569307,0.43069297
508,0.98135746,0.01864257
509,0.98135746,0.01864257
510,0.98135746,0.01864257
511,0.98135746,0.01864257
512,0.9586124,0.041387606
513,0.98135746,0.01864257
514,0.98135746,0.01864257
515,0.0010522008,0.9989478
516,0.98135746,0.01864257
517,0.98135746,0.01864257
518,0.8735222,0.1264778
519,0.98135746,0.01864257
520,0.98135746,0.01864257
521,0.98135746,0.01864257
522,0.98135746,0.01864257
523,0.45322758,0.5467724
524,0.98135746,0.01864257
525,0.98135746,0.01864257
526,0.0007980466,0.99920195
527,0.98135746,0.01864257
528,0.98135746,0.01864257
529,0.98135746,0.01864257
530,0.98135746,0.01864257
531,0.98135746,0.01864257
532,0.015764713,0.9842353
533,0.98135746,0.01864257
534,0.98135746,0.01864257
535,0.22861928,0.7713807
536,0.9478817,0.05211833
537,0.98135746,0.01864257
538,0.98135746,0.01864257
539,0.98135746,0.01864257
540,0.98135746,0.01864257
541,0.98135746,0.01864257
542,0.014363527,0.9856365
543,0.98135746,0.01864257
544,0.98135746,0.01864257
545,0.98135746,0.01864257
546,0.98135746,0.01864257
547,0.007844508,0.9921555
548,0.8735222,0.1264778
549,0.94734323,0.052656773
550,0.98135746,0.01864257
551,0.9298356,0.0701644
552,0.041933596,0.9580664
553,0.98135746,0.01864257
554,0.98135746,0.01864257
555,0.98135746,0.01864257
556,0.98135746,0.01864257
557,0.98135746,0.01864257
558,0.98135746,0.01864257
559,0.08037156,0.91962844
560,0.6700968,0.3299032
561,0.98135746,0.01864257
562,0.98135746,0.01864257
563,0.98135746,0.01864257
564,0.98135746,0.01864257
565,0.98135746,0.01864257
566,0.98135746,0.01864257
567,0.98135746,0.01864257
568,0.98135746,0.01864257
569,0.0236395,0.9763605
570,0.98135746,0.01864257
571,0.98135746,0.01864257
572,0.98135746,0.01864257
573,0.98135746,0.01864257
574,0.98135746,0.01864257
575,0.98135746,0.01864257
576,0.000747025,0.999253
577,0.98135746,0.01864257
578,0.98135746,0.01864257
579,0.98135746,0.01864257
580,0.98135746,0.01864257
581,0.56023586,0.43976417
582,0.98135746,0.01864257
583,0.98135746,0.01864257
584,0.98135746,0.01864257
585,0.98135746,0.01864257
586,0.98135746,0.01864257
587,0.98135746,0.01864257
588,0.010065615,0.9899344
589,0.98135746,0.01864257
590,0.98135746,0.01864257
591,0.98135746,0.01864257
592,0.98135746,0.01864257
593,0.6133498,0.3866502
594,0.98135746,0.01864257
595,0.90923566,0.09076435
596,0.98135746,0.01864257
597,0.98135746,0.01864257
598,0.98135746,0.01864257
599,0.98135746,0.01864257
600,0.98135746,0.01864257
601,0.98135746,0.01864257
602,0.98135746,0.01864257
603,0.98135746,0.01864257
604,0.98135746,0.01864257
605,0.9478817,0.05211833
606,0.98135746,0.01864257
607,0.0016932487,0.99830675
608,0.4242373,0.5757627
609,0.25500673,0.74499327
610,0.98135746,0.01864257
611,0.98135746,0.01864257
612,0.98135746,0.01864257
613,0.98135746,0.01864257
614,0.98135746,0.01864257
615,0.98135746,0.01864257
616,0.98135746,0.01864257
617,0.3927042,0.6072958
618,0.98135746,0.01864257
619,0.98135746,0.01864257
620,0.98135746,0.01864257
621,0.8770039,0.12299606
622,0.98135746,0.01864257
623,0.98135746,0.01864257
624,0.98135746,0.01864257
625,0.98135746,0.01864257
626,0.98135746,0.01864257
627,0.4881943,0.5118057
628,0.9793031,0.020696908
629,0.98135746,0.01864257
630,0.98135746,0.01864257
631,0.01023978,0.9897602
632,0.98135746,0.01864257
633,0.98135746,0.01864257
634,0.98135746,0.01864257
635,0.98135746,0.01864257
636,0.98135746,0.01864257
637,0.98135746,0.01864257
638,0.74977314,0.25022683
639,0.98135746,0.01864257
640,0.93681306,0.06318695
641,0.98135746,0.01864257
642,0.98135746,0.01864257
643,0.98135746,0.01864257
644,0.98135746,0.01864257
645,0.98135746,0.01864257
646,0.98135746,0.01864257
647,0.98135746,0.01864257
648,0.7252303,0.27476972
649,0.0004836321,0.99951637
650,0.98135746,0.01864257
651,0.39442337,0.60557663
652,0.98135746,0.01864257
653,0.9793031,0.020696908
654,0.98135746,0.01864257
655,0.00047671795,0.9995233
656,0.98135746,0.01864257
657,0.98135746,0.01864257
658,0.98135746,0.01864257
659,0.98135746,0.01864257
660,0.9693393,0.030660706
661,0.98135746,0.01864257
662,0.98135746,0.01864257
663,0.98135746,0.01864257
664,0.98135746,0.01864257
665,0.98135746,0.01864257
666,0.98135746,0.01864257
667,0.98135746,0.01864257
668,0.00018662214,0.9998134
669,0.98135746,0.01864257
670,0.93681306,0.06318695
671,0.98135746,0.01864257
672,0.98135746,0.01864257
673,0.12906128,0.8709387
674,0.98135746,0.01864257
675,0.92955184,0.070448145
676,0.98135746,0.01864257
677,0.98135746,0.01864257
678,0.98135746,0.01864257
679,0.98135746,0.01864257
680,0.98135746,0.01864257
681,0.98135746,0.01864257
682,0.98135746,0.01864257
683,0.0022543073,0.9977457
684,0.98135746,0.01864257
685,0.98135746,0.01864257
686,0.98135746,0.01864257
687,0.98135746,0.01864257
688,0.048519492,0.9514805
689,0.98135746,0.01864257
690,0.98135746,0.01864257
691,0.98135746,0.01864257
692,0.98135746,0.01864257
693,0.98135746,0.01864257
694,0.5859674,0.41403258
695,0.98135746,0.01864257
696,0.47304595,0.52695405
697,0.98135746,0.01864257
698,0.0003014803,0.9996985
699,0.98135746,0.01864257
700,0.0015870333,0.99841297
701,0.98135746,0.01864257
702,0.98135746,0.01864257
703,0.98135746,0.01864257
704,0.98135746,0.01864257
705,0.98135746,0.01864257
706,0.98135746,0.01864257
707,0.98135746,0.01864257
708,0.98135746,0.01864257
709,0.98135746,0.01864257
710,0.98135746,0.01864257
711,0.98135746,0.01864257
712,0.98135746,0.01864257
713,0.98135746,0.01864257
714,0.98135746,0.01864257
715,0.98135746,0.01864257
716,1.859665e-05,0.9999814
717,0.98135746,0.01864257
718,0.98135746,0.01864257
719,0.98135746,0.01864257
720,0.98135746,0.01864257
721,0.8735222,0.1264778
722,0.98135746,0.01864257
723,0.98135746,0.01864257
724,0.98135746,0.01864257
725,0.89932823,0.10067177
726,0.98135746,0.01864257
727,0.98135746,0.01864257
728,0.98135746,0.01864257
729,0.9693393,0.030660706
730,0.98135746,0.01864257
731,0.98135746,0.01864257
732,0.98135746,0.01864257
733,0.98135746,0.01864257
734,0.9793031,0.020696908
735,0.98135746,0.01864257
736,0.98135746,0.01864257
737,0.98135746,0.01864257
738,0.98135746,0.01864257
739,0.98135746,0.01864257
740,0.98135746,0.01864257
741,0.98135746,0.01864257
742,0.90424603,0.09575395
743,0.98135746,0.01864257
744,0.00053697824,0.999463
745,0.98135746,0.01864257
746,0.98135746,0.01864257
747,0.0018479228,0.9981521
748,0.98135746,0.01864257
749,0.98135746,0.01864257
750,0.969743,0.030257002
751,0.00012671947,0.9998733
752,0.98135746,0.01864257
753,0.98135746,0.01864257
754,0.009642184,0.9903578
755,0.98135746,0.01864257
756,0.98135746,0.01864257
757,0.98135746,0.01864257
758,0.98135746,0.01864257
759,0.98135746,0.01864257
760,0.0102574825,0.9897425
761,0.98135746,0.01864257
762,0.98135746,0.01864257
763,0.98135746,0.01864257
764,0.98135746,0.01864257
765,0.98135746,0.01864257
766,0.98135746,0.01864257
767,0.98135746,0.01864257
768,0.98135746,0.01864257
769,0.98135746,0.01864257
770,0.98135746,0.01864257
771,0.9415102,0.058489807
772,0.98135746,0.01864257
773,0.69992375,0.30007625
774,0.98135746,0.01864257
775,0.98135746,0.01864257
776,0.98135746,0.01864257
777,0.98135746,0.01864257
778,0.98135746,0.01864257
779,0.98135746,0.01864257
780,0.98135746,0.01864257
781,0.98135746,0.01864257
782,0.98135746,0.01864257
783,0.0037007928,0.9962992
784,0.98135746,0.01864257
785,0.98135746,0.01864257
786,0.98135746,0.01864257
787,0.98135746,0.01864257
788,0.98135746,0.01864257
789,0.98135746,0.01864257
790,0.98135746,0.01864257
791,0.98135746,0.01864257
792,0.98135746,0.01864257
793,0.028342366,0.97165763
794,0.98135746,0.01864257
795,0.28657162,0.7134284
796,0.98135746,0.01864257
797,0.017604291,0.9823957
798,0.98135746,0.01864257
799,0.98135746,0.01864257
800,0.98135746,0.01864257
801,0.98135746,0.01864257
802,0.98135746,0.01864257
803,0.98135746,0.01864257
804,0.98135746,0.01864257
805,0.98135746,0.01864257
806,0.98135746,0.01864257
807,0.98135746,0.01864257
808,0.121647954,0.87835205
809,0.22466344,0.77533656
810,0.98135746,0.01864257
811,0.98135746,0.01864257
812,0.98135746,0.01864257
813,0.98135746,0.01864257
814,0.98135746,0.01864257
815,0.98135746,0.01864257
816,0.9624734,0.037526596
817,0.98135746,0.01864257
818,0.98135746,0.01864257
819,0.74588954,0.25411046
820,0.98135746,0.01864257
821,0.905174,0.09482596
822,0.0035365224,0.9964635
823,0.98135746,0.01864257
824,0.98135746,0.01864257
825,0.98135746,0.01864257
826,0.98135746,0.01864257
827,0.98135746,0.01864257
828,0.98135746,0.01864257
829,0.98135746,0.01864257
830,0.98135746,0.01864257
831,0.98135746,0.01864257
832,0.98135746,0.01864257
833,0.9793031,0.020696908
834,0.98135746,0.01864257
835,0.0015870333,0.99841297
836,0.98135746,0.01864257
837,0.0005264878,0.9994735
838,0.98135746,0.01864257
839,0.5692966,0.43070337
840,0.98135746,0.01864257
841,0.98135746,0.01864257
842,0.9173642,0.082635835
843,0.98135746,0.01864257
844,0.98135746,0.01864257
845,0.98135746,0.01864257
846,0.98135746,0.01864257
847,0.0017664433,0.99823356
848,0.98135746,0.01864257
849,0.98135746,0.01864257
850,0.98135746,0.01864257
851,0.98135746,0.01864257
852,0.98135746,0.01864257
853,0.98135746,0.01864257
854,0.98135746,0.01864257
855,0.98135746,0.01864257
856,0.98135746,0.01864257
857,0.98135746,0.01864257
858,0.98135746,0.01864257
859,0.98135746,0.01864257
860,0.98135746,0.01864257
861,0.8770039,0.12299606
862,0.98135746,0.01864257
863,0.98135746,0.01864257
864,0.98135746,0.01864257
865,0.98135746,0.01864257
866,0.98135746,0.01864257
867,0.98135746,0.01864257
868,0.98135746,0.01864257
869,0.969743,0.030257002
870,0.92955184,0.070448145
871,0.98135746,0.01864257
872,0.98135746,0.01864257
873,0.98135746,0.01864257
874,0.98135746,0.01864257
875,0.98135746,0.01864257
876,0.98135746,0.01864257
877,0.001908958,0.99809104
878,0.00029295683,0.99970704
879,0.98135746,0.01864257
880,0.98135746,0.01864257
881,0.98135746,0.01864257
882,0.98135746,0.01864257
883,0.98135746,0.01864257
884,0.98135746,0.01864257
885,0.98135746,0.01864257
886,0.98135746,0.01864257
887,0.98135746,0.01864257
888,0.98135746,0.01864257
889,0.98135746,0.01864257
890,0.98135746,0.01864257
891,0.98135746,0.01864257
892,0.98135746,0.01864257
893,0.98135746,0.01864257
894,0.98135746,0.01864257
895,0.98135746,0.01864257
896,0.98135746,0.01864257
897,0.98135746,0.01864257
898,0.003083706,0.9969163
899,0.98135746,0.01864257
900,0.9586124,0.041387606
901,0.98135746,0.01864257
902,0.98135746,0.01864257
903,0.98135746,0.01864257
904,0.98135746,0.01864257
905,0.98135746,0.01864257
906,0.5346573,0.4653427
907,0.98135746,0.01864257
908,0.98135746,0.01864257
909,0.98135746,0.01864257
910,0.98135746,0.01864257
911,0.98135746,0.01864257
912,0.98135746,0.01864257
913,0.98135746,0.01864257
914,0.98135746,0.01864257
