,0,1
0,0.17059219,0.8294078
1,0.98747367,0.012526351
2,0.037853062,0.96214694
3,0.98747367,0.012526351
4,0.98747367,0.012526351
5,0.98747367,0.012526351
6,0.98747367,0.012526351
7,0.09211397,0.907886
8,0.9389347,0.061065286
9,0.98747367,0.012526351
10,0.98747367,0.012526351
11,0.26758736,0.73241264
12,0.98747367,0.012526351
13,0.98747367,0.012526351
14,0.98747367,0.012526351
15,0.9516198,0.048380207
16,0.98747367,0.012526351
17,0.98747367,0.012526351
18,0.91758686,0.082413115
19,0.98747367,0.012526351
20,0.98747367,0.012526351
21,0.9355525,0.064447515
22,0.98747367,0.012526351
23,0.98747367,0.012526351
24,0.98747367,0.012526351
25,0.9941824,0.0058176205
26,0.9665391,0.033460915
27,0.98747367,0.012526351
28,0.98747367,0.012526351
29,0.98747367,0.012526351
30,0.98747367,0.012526351
31,0.98747367,0.012526351
32,0.98747367,0.012526351
33,0.98747367,0.012526351
34,0.98747367,0.012526351
35,0.99737996,0.0026200362
36,0.9971118,0.002888195
37,0.9633636,0.036636405
38,0.9962675,0.003732481
39,0.98747367,0.012526351
40,0.98747367,0.012526351
41,0.98747367,0.012526351
42,0.98747367,0.012526351
43,0.98747367,0.012526351
44,0.98747367,0.012526351
45,0.992527,0.007473019
46,0.0016711354,0.99832886
47,0.98747367,0.012526351
48,0.9962675,0.003732481
49,0.98747367,0.012526351
50,0.98747367,0.012526351
51,0.9971405,0.0028594693
52,0.99737996,0.0026200362
53,0.98747367,0.012526351
54,0.0611403,0.9388597
55,0.12013906,0.87986094
56,0.9782706,0.02172941
57,0.9555045,0.04449554
58,0.98747367,0.012526351
59,0.98747367,0.012526351
60,0.98747367,0.012526351
61,0.98747367,0.012526351
62,0.9585587,0.04144131
63,0.99874735,0.0012526667
64,0.98747367,0.012526351
65,0.002630353,0.99736965
66,0.98747367,0.012526351
67,0.0038955212,0.9961045
68,0.9942934,0.005706605
69,0.9962675,0.003732481
70,0.84007233,0.15992767
71,0.9989889,0.0010110919
72,0.98747367,0.012526351
73,0.9978284,0.0021716035
74,0.98747367,0.012526351
75,0.98747367,0.012526351
76,0.9953043,0.0046956996
77,0.9981754,0.0018246232
78,0.98747367,0.012526351
79,0.99737996,0.0026200362
80,0.68973947,0.31026053
81,0.9953043,0.0046956996
82,0.9519861,0.04801391
83,0.9943693,0.005630649
84,0.98747367,0.012526351
85,0.98747367,0.012526351
86,0.98747367,0.012526351
87,0.98747367,0.012526351
88,0.98747367,0.012526351
89,0.0015650392,0.99843496
90,0.98747367,0.012526351
91,0.98747367,0.012526351
92,0.014203131,0.98579687
93,0.98747367,0.012526351
94,0.9943693,0.005630649
95,0.9989889,0.0010110919
96,0.98747367,0.012526351
97,0.98747367,0.012526351
98,0.98747367,0.012526351
99,0.98747367,0.012526351
100,0.98747367,0.012526351
101,0.9981754,0.0018246232
102,0.9981754,0.0018246232
103,0.9538746,0.046125438
104,0.99880224,0.001197785
105,0.3326969,0.6673031
106,0.0017169714,0.998283
107,0.98747367,0.012526351
108,0.865479,0.13452102
109,0.98747367,0.012526351
110,0.98747367,0.012526351
111,0.9941824,0.0058176205
112,0.99146616,0.008533815
113,0.98747367,0.012526351
114,0.9981754,0.0018246232
115,0.99880224,0.001197785
116,0.9682615,0.03173855
117,0.998341,0.0016589494
118,0.009049833,0.99095017
119,0.0054588914,0.9945411
120,0.00140661,0.9985934
121,0.98747367,0.012526351
122,0.04764843,0.95235157
123,0.9955222,0.004477791
124,0.98747367,0.012526351
125,0.99746287,0.0025371427
126,0.98747367,0.012526351
127,0.98889303,0.01110694
128,0.98747367,0.012526351
129,0.9782706,0.02172941
130,0.98747367,0.012526351
131,0.98747367,0.012526351
132,0.98747367,0.012526351
133,0.99732983,0.0026701754
134,0.98747367,0.012526351
135,0.98747367,0.012526351
136,0.9981754,0.0018246232
137,0.98747367,0.012526351
138,0.98747367,0.012526351
139,0.98747367,0.012526351
140,0.98747367,0.012526351
141,0.98747367,0.012526351
142,0.9963407,0.0036592989
143,0.98747367,0.012526351
144,0.98747367,0.012526351
145,0.98283577,0.017164245
146,0.98747367,0.012526351
147,0.99146616,0.008533815
148,0.9953043,0.0046956996
149,0.98747367,0.012526351
150,0.98747367,0.012526351
151,0.9953043,0.0046956996
152,0.98747367,0.012526351
153,0.83719915,0.16280083
154,0.0020399094,0.9979601
155,0.98747367,0.012526351
156,0.98889303,0.01110694
157,0.98747367,0.012526351
158,0.0016511679,0.99834883
159,0.93364984,0.06635015
160,0.98747367,0.012526351
161,0.000608325,0.9993917
162,0.98747367,0.012526351
163,0.15764028,0.8423597
164,0.9889764,0.011023584
165,0.99746287,0.0025371427
166,0.98747367,0.012526351
167,0.98747367,0.012526351
168,0.98747367,0.012526351
169,0.98747367,0.012526351
170,0.98747367,0.012526351
171,0.98747367,0.012526351
172,0.98747367,0.012526351
173,0.98071665,0.019283326
174,0.98747367,0.012526351
175,0.98747367,0.012526351
176,0.9682615,0.03173855
177,0.000864923,0.9991351
178,0.9782706,0.02172941
179,0.98747367,0.012526351
180,0.98747367,0.012526351
181,0.75977755,0.24022244
182,0.98747367,0.012526351
183,0.98747367,0.012526351
184,0.29949915,0.70050085
185,0.9941824,0.0058176205
186,0.8418251,0.15817489
187,0.0026249886,0.997375
188,0.98747367,0.012526351
189,0.99985415,0.00014582544
190,0.73092204,0.26907796
191,0.008758903,0.9912411
192,0.97861445,0.021385567
193,0.98747367,0.012526351
194,0.84007233,0.15992767
195,0.9962675,0.003732481
196,0.9963407,0.0036592989
197,0.9981754,0.0018246232
198,0.9963407,0.0036592989
199,0.98747367,0.012526351
200,0.98747367,0.012526351
201,0.99737996,0.0026200362
202,0.9941824,0.0058176205
203,0.9963407,0.0036592989
204,0.98747367,0.012526351
205,0.98747367,0.012526351
206,0.9242223,0.075777724
207,0.1303218,0.8696782
208,0.98747367,0.012526351
209,0.98747367,0.012526351
210,0.98747367,0.012526351
211,0.3360613,0.6639387
212,0.98747367,0.012526351
213,0.98747367,0.012526351
214,0.086670816,0.9133292
215,0.98747367,0.012526351
216,0.98747367,0.012526351
217,0.98747367,0.012526351
218,0.99146616,0.008533815
219,0.98747367,0.012526351
220,0.98747367,0.012526351
221,0.98747367,0.012526351
222,0.98747367,0.012526351
223,0.98747367,0.012526351
224,0.9962675,0.003732481
225,0.98747367,0.012526351
226,0.98747367,0.012526351
227,0.024383843,0.97561616
228,0.98747367,0.012526351
229,0.98747367,0.012526351
230,0.6829771,0.3170229
231,0.68395066,0.3160493
232,0.9962675,0.003732481
233,0.13040853,0.8695915
234,0.98747367,0.012526351
235,0.98747367,0.012526351
236,0.98747367,0.012526351
237,0.99923104,0.0007689807
238,0.98747367,0.012526351
239,0.98747367,0.012526351
240,0.74953663,0.2504634
241,0.999471,0.0005289657
242,0.98747367,0.012526351
243,0.98747367,0.012526351
244,0.6729814,0.32701862
245,0.98747367,0.012526351
246,0.010865629,0.9891344
247,0.9953043,0.0046956996
248,0.9962675,0.003732481
249,0.98747367,0.012526351
250,0.98747367,0.012526351
251,0.865479,0.13452102
252,0.9972516,0.0027484284
253,0.05031377,0.9496862
254,0.9963407,0.0036592989
255,0.00043839216,0.9995616
256,0.98747367,0.012526351
257,0.98747367,0.012526351
258,0.9972253,0.0027747035
259,0.0050638914,0.9949361
260,0.98747367,0.012526351
261,0.98747367,0.012526351
262,0.98747367,0.012526351
263,0.9971169,0.0028830857
264,0.98747367,0.012526351
265,0.9971169,0.0028830857
266,0.0018200874,0.9981799
267,0.99828714,0.0017128673
268,0.98747367,0.012526351
269,0.99146616,0.008533815
270,0.9962675,0.003732481
271,0.98747367,0.012526351
272,0.9943693,0.005630649
273,0.98747367,0.012526351
274,0.00021559,0.9997844
275,0.98747367,0.012526351
276,0.98747367,0.012526351
277,0.98747367,0.012526351
278,0.48161697,0.518383
279,0.98747367,0.012526351
280,0.98747367,0.012526351
281,0.98747367,0.012526351
282,0.98747367,0.012526351
283,0.6721648,0.32783517
284,0.9981754,0.0018246232
285,0.98747367,0.012526351
286,0.0058354735,0.9941645
287,0.9981754,0.0018246232
288,0.98747367,0.012526351
289,0.9953043,0.0046956996
290,0.98747367,0.012526351
291,0.98747367,0.012526351
292,0.9963407,0.0036592989
293,0.971468,0.028532015
294,0.98747367,0.012526351
295,0.98747367,0.012526351
296,0.98747367,0.012526351
297,0.9963407,0.0036592989
298,0.9989889,0.0010110919
299,0.98747367,0.012526351
300,0.98747367,0.012526351
301,0.9981754,0.0018246232
302,0.99612534,0.0038746472
303,0.9953043,0.0046956996
304,0.98747367,0.012526351
305,0.9981754,0.0018246232
306,0.99921507,0.0007849079
307,0.98747367,0.012526351
308,0.98747367,0.012526351
309,0.98747367,0.012526351
310,0.6152216,0.38477835
311,0.98747367,0.012526351
312,0.98747367,0.012526351
313,0.9943693,0.005630649
314,0.98747367,0.012526351
315,0.99969786,0.00030212133
316,0.98747367,0.012526351
317,0.96726674,0.032733236
318,0.98747367,0.012526351
319,0.98747367,0.012526351
320,0.8258165,0.17418347
321,0.98747367,0.012526351
322,0.98747367,0.012526351
323,0.98747367,0.012526351
324,0.0026249886,0.997375
325,0.98747367,0.012526351
326,0.99737996,0.0026200362
327,0.98747367,0.012526351
328,0.98747367,0.012526351
329,0.3837366,0.6162634
330,0.6942233,0.30577675
331,0.98747367,0.012526351
332,0.98747367,0.012526351
333,0.98747367,0.012526351
334,0.98747367,0.012526351
335,0.98747367,0.012526351
336,0.99746287,0.0025371427
337,0.98747367,0.012526351
338,0.98747367,0.012526351
339,0.98747367,0.012526351
340,0.9782706,0.02172941
341,0.98747367,0.012526351
342,0.98747367,0.012526351
343,0.4912582,0.5087418
344,0.98747367,0.012526351
345,0.99507785,0.0049221464
346,0.99746287,0.0025371427
347,0.98747367,0.012526351
348,0.9573944,0.042605594
349,0.98747367,0.012526351
350,0.98747367,0.012526351
351,0.98747367,0.012526351
352,0.99934447,0.00065551355
353,0.98747367,0.012526351
354,0.013540149,0.98645985
355,0.99507785,0.0049221464
356,0.98747367,0.012526351
357,0.98747367,0.012526351
358,0.98747367,0.012526351
359,0.98747367,0.012526351
360,0.98747367,0.012526351
361,0.98747367,0.012526351
362,0.9949247,0.0050752508
363,0.98747367,0.012526351
364,0.9953043,0.0046956996
365,0.99075466,0.009245348
366,0.98747367,0.012526351
367,0.98747367,0.012526351
368,0.98747367,0.012526351
369,0.03329879,0.9667012
370,0.08381432,0.9161857
371,0.9713467,0.028653331
372,0.98747367,0.012526351
373,0.98747367,0.012526351
374,0.98747367,0.012526351
375,0.7370415,0.26295856
376,0.98747367,0.012526351
377,0.99589735,0.0041026226
378,0.98747367,0.012526351
379,0.9981754,0.0018246232
380,0.98747367,0.012526351
381,0.99737996,0.0026200362
382,0.15764028,0.8423597
383,0.98747367,0.012526351
384,0.98747367,0.012526351
385,0.98747367,0.012526351
386,0.98747367,0.012526351
387,0.91482675,0.085173264
388,0.98747367,0.012526351
389,0.9782706,0.02172941
390,0.1053707,0.8946293
391,0.9941824,0.0058176205
392,0.98747367,0.012526351
393,0.0010477304,0.99895227
394,0.98747367,0.012526351
395,0.003586948,0.99641305
396,0.98747367,0.012526351
397,0.98747367,0.012526351
398,0.98747367,0.012526351
399,0.98747367,0.012526351
400,0.98747367,0.012526351
401,0.0006104708,0.9993895
402,0.98747367,0.012526351
403,0.98747367,0.012526351
404,0.98747367,0.012526351
405,0.98747367,0.012526351
406,0.98747367,0.012526351
407,0.98747367,0.012526351
408,0.98747367,0.012526351
409,0.98747367,0.012526351
410,0.56413877,0.43586123
411,0.98747367,0.012526351
412,0.98747367,0.012526351
413,0.30563194,0.69436806
414,0.99075466,0.009245348
415,0.14167428,0.8583257
416,0.04968816,0.95031184
417,0.98747367,0.012526351
418,0.5385237,0.4614763
419,0.98573595,0.014264022
420,0.9981754,0.0018246232
421,0.98747367,0.012526351
422,0.99146616,0.008533815
423,0.98747367,0.012526351
424,0.9969569,0.0030430893
425,0.98747367,0.012526351
426,0.9994067,0.0005932757
427,0.61287975,0.38712025
428,0.99075466,0.009245348
429,0.05675572,0.9432443
430,0.98747367,0.012526351
431,0.9981754,0.0018246232
432,0.99507785,0.0049221464
433,0.98747367,0.012526351
434,0.98747367,0.012526351
435,0.9519861,0.04801391
436,0.98747367,0.012526351
437,0.98747367,0.012526351
438,0.99975455,0.00024544646
439,0.98747367,0.012526351
440,0.98747367,0.012526351
441,0.98747367,0.012526351
442,0.98747367,0.012526351
443,0.9953043,0.0046956996
444,0.98747367,0.012526351
445,0.00021463633,0.99978536
446,0.9994378,0.000562165
447,0.98747367,0.012526351
448,0.99737996,0.0026200362
449,0.98747367,0.012526351
450,0.019459426,0.9805406
451,0.98747367,0.012526351
452,0.98747367,0.012526351
453,0.7007596,0.2992404
454,0.93841577,0.06158423
455,0.9994053,0.0005946528
456,0.9981754,0.0018246232
457,0.98747367,0.012526351
458,0.024280608,0.9757194
459,0.98747367,0.012526351
460,0.98747367,0.012526351
461,0.98747367,0.012526351
462,0.98747367,0.012526351
463,0.98747367,0.012526351
464,0.9981754,0.0018246232
465,0.9782706,0.02172941
466,0.9989889,0.0010110919
467,0.16843516,0.83156484
468,0.99849135,0.0015086355
469,0.99737996,0.0026200362
470,0.9941824,0.0058176205
471,0.98747367,0.012526351
472,0.98747367,0.012526351
473,0.98747367,0.012526351
474,0.9943693,0.005630649
475,0.5148547,0.48514527
476,0.93147355,0.06852646
477,0.9962675,0.003732481
478,0.9963407,0.0036592989
479,0.9750246,0.024975449
480,0.971468,0.028532015
481,0.16311973,0.83688027
482,0.98747367,0.012526351
483,0.98747367,0.012526351
484,0.98747367,0.012526351
485,0.9538746,0.046125438
486,0.9759369,0.024063086
487,0.98747367,0.012526351
488,0.9810569,0.018943049
489,0.97389686,0.02610315
490,0.99507785,0.0049221464
491,0.99880224,0.001197785
492,0.3161986,0.6838014
493,0.98747367,0.012526351
494,0.98747367,0.012526351
495,0.58786285,0.41213715
496,0.98747367,0.012526351
497,0.0067104697,0.99328953
498,0.98747367,0.012526351
499,0.0047096014,0.9952904
500,0.98747367,0.012526351
501,0.024820983,0.975179
502,0.98747367,0.012526351
503,0.98747367,0.012526351
504,0.98747367,0.012526351
505,0.859473,0.14052702
506,0.98747367,0.012526351
507,0.98747367,0.012526351
508,0.40789765,0.59210235
509,0.0020555854,0.9979444
510,0.98747367,0.012526351
511,0.99507785,0.0049221464
512,0.9989889,0.0010110919
513,0.98747367,0.012526351
514,0.98747367,0.012526351
515,0.9750246,0.024975449
516,0.9992062,0.0007937862
517,0.99746287,0.0025371427
518,0.98747367,0.012526351
519,0.99737996,0.0026200362
520,0.98747367,0.012526351
521,0.00089776516,0.99910223
522,0.9989889,0.0010110919
523,0.005651891,0.9943481
524,0.98747367,0.012526351
525,0.9962675,0.003732481
526,0.9953043,0.0046956996
527,0.98747367,0.012526351
528,0.98747367,0.012526351
529,0.8389684,0.16103162
530,0.98747367,0.012526351
531,0.9519861,0.04801391
532,0.110652626,0.8893474
533,0.99880224,0.001197785
534,0.98747367,0.012526351
535,0.98747367,0.012526351
536,0.98747367,0.012526351
537,0.60959995,0.39040002
538,0.98747367,0.012526351
539,0.9981754,0.0018246232
540,0.99880224,0.001197785
541,0.0017132163,0.9982868
542,0.9981754,0.0018246232
543,0.98747367,0.012526351
544,0.9981754,0.0018246232
545,0.98747367,0.012526351
546,0.98747367,0.012526351
547,0.98747367,0.012526351
548,0.9989889,0.0010110919
549,0.99507785,0.0049221464
550,0.7415278,0.25847217
551,0.98747367,0.012526351
552,0.98747367,0.012526351
553,0.98747367,0.012526351
554,0.9653436,0.03465642
555,0.99737996,0.0026200362
556,0.98747367,0.012526351
557,0.9713467,0.028653331
558,0.9443982,0.055601772
559,0.9653436,0.03465642
560,0.9961183,0.0038816968
561,0.98747367,0.012526351
562,0.9942934,0.005706605
563,0.98747367,0.012526351
564,0.98747367,0.012526351
565,0.9953043,0.0046956996
566,0.99874735,0.0012526667
567,0.98747367,0.012526351
568,0.98747367,0.012526351
569,0.9941824,0.0058176205
570,0.98747367,0.012526351
571,0.9963407,0.0036592989
572,0.99737996,0.0026200362
573,0.971468,0.028532015
574,0.98747367,0.012526351
575,0.98747367,0.012526351
576,0.99737996,0.0026200362
577,0.13207233,0.8679277
578,0.98747367,0.012526351
579,0.98747367,0.012526351
580,0.9962675,0.003732481
581,0.98747367,0.012526351
582,0.014437795,0.9855622
583,0.98747367,0.012526351
584,0.99746287,0.0025371427
585,7.081032e-05,0.9999292
586,0.98747367,0.012526351
587,0.9963407,0.0036592989
588,0.98747367,0.012526351
589,0.91758686,0.082413115
590,0.98747367,0.012526351
591,0.9981754,0.0018246232
592,0.9653436,0.03465642
593,0.98747367,0.012526351
594,0.9986733,0.0013266577
595,0.99612534,0.0038746472
596,0.98747367,0.012526351
597,0.99507785,0.0049221464
598,0.9963407,0.0036592989
599,0.9955222,0.004477791
600,0.98747367,0.012526351
601,0.99299955,0.007000453
602,0.9953043,0.0046956996
603,0.99040717,0.009592803
604,0.9962675,0.003732481
605,0.9519861,0.04801391
606,0.9827677,0.017232308
607,0.030066133,0.96993387
608,0.98747367,0.012526351
609,0.9981754,0.0018246232
610,0.98747367,0.012526351
611,0.00016248226,0.9998375
612,0.0004300475,0.99956995
613,0.98747367,0.012526351
614,0.98747367,0.012526351
615,0.98747367,0.012526351
616,0.99146616,0.008533815
617,0.9989889,0.0010110919
618,0.14068526,0.85931474
619,0.98747367,0.012526351
620,0.99746287,0.0025371427
621,0.98747367,0.012526351
622,0.98747367,0.012526351
623,0.99737996,0.0026200362
624,0.9981754,0.0018246232
625,0.89678454,0.103215456
626,0.89665586,0.10334416
627,0.98747367,0.012526351
628,0.9989889,0.0010110919
629,0.0015765429,0.99842346
630,0.9682615,0.03173855
631,0.98747367,0.012526351
632,0.98747367,0.012526351
633,0.99507785,0.0049221464
634,0.98747367,0.012526351
635,0.98747367,0.012526351
636,0.98747367,0.012526351
637,0.98747367,0.012526351
638,0.98747367,0.012526351
639,0.9971169,0.0028830857
640,0.98747367,0.012526351
641,0.98747367,0.012526351
642,0.98747367,0.012526351
643,0.96000373,0.039996292
644,0.9962675,0.003732481
645,0.8829012,0.11709881
646,0.99746287,0.0025371427
647,0.9989889,0.0010110919
648,0.859126,0.14087403
649,0.9981754,0.0018246232
650,0.9585587,0.04144131
651,0.98747367,0.012526351
652,0.99985415,0.00014582544
653,0.98747367,0.012526351
654,0.9642276,0.03577238
655,0.98747367,0.012526351
656,0.9524185,0.04758151
657,0.98747367,0.012526351
658,0.98747367,0.012526351
659,0.98747367,0.012526351
660,0.9978284,0.0021716035
661,0.98747367,0.012526351
662,0.98747367,0.012526351
663,0.98747367,0.012526351
664,0.9943693,0.005630649
665,0.98747367,0.012526351
666,0.98747367,0.012526351
667,0.99828714,0.0017128673
668,0.99044865,0.009551326
669,0.98747367,0.012526351
670,0.98747367,0.012526351
671,0.9782706,0.02172941
672,0.0036059022,0.9963941
673,0.98747367,0.012526351
674,0.98747367,0.012526351
675,0.9943693,0.005630649
676,0.98747367,0.012526351
677,0.98747367,0.012526351
678,0.9953043,0.0046956996
679,7.081032e-05,0.9999292
680,0.97389686,0.02610315
681,0.98747367,0.012526351
682,0.98747367,0.012526351
683,0.0017132163,0.9982868
684,0.98747367,0.012526351
685,0.98747367,0.012526351
686,0.98747367,0.012526351
687,0.971468,0.028532015
688,0.9653436,0.03465642
689,0.98747367,0.012526351
690,0.98747367,0.012526351
691,0.98747367,0.012526351
692,0.98747367,0.012526351
693,0.99746287,0.0025371427
694,0.98747367,0.012526351
695,0.98747367,0.012526351
696,0.078393996,0.921606
697,0.98747367,0.012526351
698,0.98743737,0.012562653
699,0.0070188046,0.9929812
700,0.98747367,0.012526351
701,0.98747367,0.012526351
702,0.98747367,0.012526351
703,0.99146616,0.008533815
704,0.98747367,0.012526351
705,0.98747367,0.012526351
706,0.98747367,0.012526351
707,0.69435775,0.30564222
708,0.9633636,0.036636405
709,0.98747367,0.012526351
710,0.9943693,0.005630649
711,0.98747367,0.012526351
712,0.9389486,0.061051406
713,0.98747367,0.012526351
714,0.98747367,0.012526351
715,0.98747367,0.012526351
716,0.9886136,0.011386417
717,0.98747367,0.012526351
718,3.2663345e-05,0.99996734
719,0.9827677,0.017232308
720,0.9953043,0.0046956996
721,0.9992877,0.0007122875
722,0.98747367,0.012526351
723,0.9962675,0.003732481
724,0.9962675,0.003732481
725,0.98747367,0.012526351
726,0.9963407,0.0036592989
727,0.98747367,0.012526351
728,0.199799,0.800201
729,0.98747367,0.012526351
730,0.98747367,0.012526351
731,0.98747367,0.012526351
732,0.98747367,0.012526351
733,0.98747367,0.012526351
734,0.98747367,0.012526351
735,0.00094121695,0.9990588
736,0.98747367,0.012526351
737,0.98747367,0.012526351
738,0.98747367,0.012526351
739,0.98747367,0.012526351
740,0.35254085,0.64745915
741,0.98747367,0.012526351
742,0.9810569,0.018943049
743,0.99535847,0.004641509
744,0.10751617,0.89248383
745,0.98747367,0.012526351
746,0.98747367,0.012526351
747,0.98747367,0.012526351
748,0.976297,0.02370299
749,0.9962675,0.003732481
750,0.98747367,0.012526351
751,0.98747367,0.012526351
752,0.98747367,0.012526351
753,0.99746287,0.0025371427
754,0.98747367,0.012526351
755,0.9962675,0.003732481
756,0.98747367,0.012526351
757,0.00089126825,0.99910873
758,0.00067687035,0.9993231
759,0.99379116,0.006208864
760,0.98747367,0.012526351
761,0.98747367,0.012526351
762,0.98747367,0.012526351
763,0.98747367,0.012526351
764,0.00089871883,0.9991013
765,0.9981754,0.0018246232
766,0.9971405,0.0028594693
767,0.9953043,0.0046956996
768,0.98747367,0.012526351
769,0.98747367,0.012526351
770,0.9978298,0.002170207
771,0.99756056,0.0024394477
772,0.1182034,0.8817966
773,0.98747367,0.012526351
774,0.98747367,0.012526351
775,0.9971169,0.0028830857
776,0.9943693,0.005630649
777,0.68973947,0.31026053
778,0.98747367,0.012526351
779,5.8174133e-05,0.9999418
780,0.99612534,0.0038746472
781,0.98747367,0.012526351
782,0.98747367,0.012526351
783,0.9759369,0.024063086
784,0.97810155,0.02189846
785,7.534027e-05,0.99992466
786,0.98747367,0.012526351
787,0.98747367,0.012526351
788,0.9965523,0.0034477138
789,0.99737996,0.0026200362
790,0.98747367,0.012526351
791,0.9782706,0.02172941
792,0.98747367,0.012526351
793,0.98747367,0.012526351
794,0.98747367,0.012526351
795,0.9943693,0.005630649
796,0.99737996,0.0026200362
797,0.98747367,0.012526351
798,0.98747367,0.012526351
799,0.98747367,0.012526351
800,0.5912072,0.4087928
801,0.4874246,0.5125754
802,0.91758686,0.082413115
803,0.9953043,0.0046956996
804,0.011507392,0.9884926
805,0.98747367,0.012526351
806,0.9976459,0.0023540794
807,0.030371845,0.96962816
808,0.98747367,0.012526351
809,0.98747367,0.012526351
810,0.98747367,0.012526351
811,0.027502239,0.97249776
812,0.9981754,0.0018246232
813,0.98747367,0.012526351
814,0.98747367,0.012526351
815,0.99880224,0.001197785
816,0.011896551,0.98810345
817,0.98747367,0.012526351
818,0.9981754,0.0018246232
819,0.98747367,0.012526351
820,0.15764028,0.8423597
821,0.00052291155,0.9994771
822,0.9618108,0.038189165
823,0.98747367,0.012526351
824,0.49815428,0.5018457
825,0.98747367,0.012526351
826,0.98747367,0.012526351
827,0.98747367,0.012526351
828,0.98747367,0.012526351
829,0.9981754,0.0018246232
830,0.99880224,0.001197785
831,0.9989889,0.0010110919
832,0.98747367,0.012526351
833,0.98747367,0.012526351
834,0.9941824,0.0058176205
835,0.9989889,0.0010110919
836,0.98747367,0.012526351
837,0.87892497,0.12107506
838,0.98747367,0.012526351
839,0.98747367,0.012526351
840,0.98747367,0.012526351
841,0.9953043,0.0046956996
842,0.9953043,0.0046956996
843,0.9942934,0.005706605
844,0.9750246,0.024975449
845,0.0023457408,0.99765426
846,0.98747367,0.012526351
847,0.9941824,0.0058176205
848,0.99880224,0.001197785
849,0.98747367,0.012526351
850,0.961659,0.038340993
851,0.98747367,0.012526351
852,4.6610832e-05,0.9999534
853,0.99880224,0.001197785
854,0.98747367,0.012526351
855,0.11746585,0.88253415
856,0.9936101,0.0063899346
857,0.98747367,0.012526351
858,0.98747367,0.012526351
859,0.0012481213,0.9987519
860,0.030882895,0.9691171
861,0.98747367,0.012526351
862,0.98747367,0.012526351
863,0.98747367,0.012526351
864,0.98747367,0.012526351
865,0.98747367,0.012526351
866,0.98747367,0.012526351
867,0.9981754,0.0018246232
868,0.98747367,0.012526351
869,0.652542,0.347458
870,0.98747367,0.012526351
871,0.98747367,0.012526351
872,0.036998153,0.96300185
873,0.98747367,0.012526351
874,0.0023301244,0.9976699
875,0.95129484,0.048705164
876,0.98747367,0.012526351
877,0.9817621,0.018237865
878,0.001269877,0.9987301
879,0.98747367,0.012526351
880,0.98747367,0.012526351
881,0.98747367,0.012526351
882,0.9994378,0.000562165
883,0.98747367,0.012526351
884,0.34067303,0.659327
885,0.98747367,0.012526351
886,0.99663454,0.0033654766
887,0.98747367,0.012526351
888,0.98747367,0.012526351
889,0.98747367,0.012526351
890,0.98747367,0.012526351
891,0.9519861,0.04801391
892,0.98747367,0.012526351
893,0.023454726,0.9765453
894,0.9962675,0.003732481
895,0.011917174,0.9880828
896,0.37273198,0.627268
897,0.98747367,0.012526351
898,0.9989889,0.0010110919
899,0.98747367,0.012526351
900,0.98747367,0.012526351
901,0.98747367,0.012526351
902,0.98747367,0.012526351
903,0.98747367,0.012526351
904,0.98747367,0.012526351
905,0.98747367,0.012526351
906,0.98747367,0.012526351
907,0.98747367,0.012526351
908,0.000608325,0.9993917
909,0.9989889,0.0010110919
910,0.98747367,0.012526351
911,0.98747367,0.012526351
912,0.98747367,0.012526351
913,0.026450336,0.97354966
914,0.70789856,0.29210144
