,0,1
0,0.8194249,0.18057507
1,0.989062,0.010938004
2,0.31253332,0.6874667
3,0.989062,0.010938004
4,0.989062,0.010938004
5,0.989062,0.010938004
6,0.989062,0.010938004
7,0.3090397,0.6909603
8,0.989062,0.010938004
9,0.989062,0.010938004
10,0.989062,0.010938004
11,0.10784984,0.89215016
12,0.989062,0.010938004
13,0.989062,0.010938004
14,0.989062,0.010938004
15,0.966132,0.033868026
16,0.989062,0.010938004
17,0.9948136,0.005186386
18,0.8930177,0.106982276
19,0.989062,0.010938004
20,0.989062,0.010938004
21,0.8633613,0.13663872
22,0.989062,0.010938004
23,0.989062,0.010938004
24,0.989062,0.010938004
25,0.989062,0.010938004
26,0.52538383,0.4746162
27,0.989062,0.010938004
28,0.99858075,0.00141923
29,0.989062,0.010938004
30,0.989062,0.010938004
31,0.989062,0.010938004
32,0.989062,0.010938004
33,0.989062,0.010938004
34,0.989062,0.010938004
35,0.989062,0.010938004
36,0.9949325,0.005067554
37,0.95817524,0.04182477
38,0.99734586,0.0026541548
39,0.989062,0.010938004
40,0.989062,0.010938004
41,0.989062,0.010938004
42,0.989062,0.010938004
43,0.989062,0.010938004
44,0.989062,0.010938004
45,0.9988501,0.0011498919
46,0.031100512,0.9688995
47,0.989062,0.010938004
48,0.99734586,0.0026541548
49,0.989062,0.010938004
50,0.989062,0.010938004
51,0.99709564,0.0029043285
52,0.989062,0.010938004
53,0.989062,0.010938004
54,0.0524984,0.9475016
55,0.11315793,0.8868421
56,0.9767945,0.023205541
57,0.97749317,0.022506803
58,0.989062,0.010938004
59,0.989062,0.010938004
60,0.989062,0.010938004
61,0.989062,0.010938004
62,0.9710823,0.02891764
63,0.9933925,0.0066074543
64,0.989062,0.010938004
65,0.008267522,0.9917325
66,0.989062,0.010938004
67,0.07099372,0.9290063
68,0.989062,0.010938004
69,0.9996581,0.00034189032
70,0.8771626,0.12283741
71,0.989062,0.010938004
72,0.989062,0.010938004
73,0.9912712,0.00872882
74,0.989062,0.010938004
75,0.989062,0.010938004
76,0.989062,0.010938004
77,0.989062,0.010938004
78,0.989062,0.010938004
79,0.989062,0.010938004
80,0.83990026,0.16009973
81,0.989062,0.010938004
82,0.99073106,0.009268911
83,0.9933925,0.0066074543
84,0.99858075,0.00141923
85,0.989062,0.010938004
86,0.99858075,0.00141923
87,0.989062,0.010938004
88,0.989062,0.010938004
89,0.0037293434,0.99627066
90,0.989062,0.010938004
91,0.989062,0.010938004
92,0.012940288,0.9870597
93,0.989062,0.010938004
94,0.9933925,0.0066074543
95,0.9948136,0.005186386
96,0.989062,0.010938004
97,0.989062,0.010938004
98,0.989062,0.010938004
99,0.989062,0.010938004
100,0.989062,0.010938004
101,0.989062,0.010938004
102,0.989062,0.010938004
103,0.95365477,0.046345245
104,0.99073106,0.009268911
105,0.64610445,0.35389555
106,0.005517125,0.9944829
107,0.989062,0.010938004
108,0.98650706,0.013492943
109,0.989062,0.010938004
110,0.989062,0.010938004
111,0.989062,0.010938004
112,0.989062,0.010938004
113,0.9948136,0.005186386
114,0.989062,0.010938004
115,0.99073106,0.009268911
116,0.9853281,0.014671911
117,0.99641114,0.0035888643
118,0.02455163,0.97544837
119,0.0048941374,0.99510586
120,0.02253884,0.97746116
121,0.989062,0.010938004
122,0.045061648,0.95493835
123,0.989062,0.010938004
124,0.989062,0.010938004
125,0.989062,0.010938004
126,0.989062,0.010938004
127,0.9986519,0.0013481034
128,0.989062,0.010938004
129,0.9788682,0.021131799
130,0.989062,0.010938004
131,0.989062,0.010938004
132,0.989062,0.010938004
133,0.9549073,0.04509268
134,0.989062,0.010938004
135,0.989062,0.010938004
136,0.989062,0.010938004
137,0.989062,0.010938004
138,0.989062,0.010938004
139,0.989062,0.010938004
140,0.989062,0.010938004
141,0.989062,0.010938004
142,0.99641114,0.0035888643
143,0.989062,0.010938004
144,0.989062,0.010938004
145,0.99080426,0.009195744
146,0.989062,0.010938004
147,0.99858075,0.00141923
148,0.989062,0.010938004
149,0.99933046,0.00066955655
150,0.99858075,0.00141923
151,0.989062,0.010938004
152,0.989062,0.010938004
153,0.92975533,0.07024464
154,0.012167096,0.9878329
155,0.989062,0.010938004
156,0.9896052,0.010394801
157,0.989062,0.010938004
158,0.0026741028,0.9973259
159,0.8676626,0.1323374
160,0.989062,0.010938004
161,0.0005353093,0.9994647
162,0.989062,0.010938004
163,0.14324021,0.8567598
164,0.95847297,0.04152706
165,0.989062,0.010938004
166,0.989062,0.010938004
167,0.989062,0.010938004
168,0.989062,0.010938004
169,0.989062,0.010938004
170,0.989062,0.010938004
171,0.989062,0.010938004
172,0.989062,0.010938004
173,0.9860956,0.013904372
174,0.989062,0.010938004
175,0.9948136,0.005186386
176,0.9853281,0.014671911
177,0.0032956004,0.9967044
178,0.9788682,0.021131799
179,0.989062,0.010938004
180,0.989062,0.010938004
181,0.75224775,0.24775226
182,0.989062,0.010938004
183,0.989062,0.010938004
184,0.3631636,0.6368364
185,0.989062,0.010938004
186,0.89888036,0.10111963
187,0.0022364855,0.9977635
188,0.989062,0.010938004
189,0.989062,0.010938004
190,0.69964373,0.3003563
191,0.009731829,0.9902682
192,0.9860956,0.013904372
193,0.989062,0.010938004
194,0.8771626,0.12283741
195,0.99734586,0.0026541548
196,0.99641114,0.0035888643
197,0.989062,0.010938004
198,0.99641114,0.0035888643
199,0.989062,0.010938004
200,0.989062,0.010938004
201,0.989062,0.010938004
202,0.9087328,0.09126721
203,0.99641114,0.0035888643
204,0.989062,0.010938004
205,0.989062,0.010938004
206,0.93298537,0.06701462
207,0.0351637,0.9648363
208,0.989062,0.010938004
209,0.989062,0.010938004
210,0.989062,0.010938004
211,0.33151,0.66849
212,0.989062,0.010938004
213,0.99858075,0.00141923
214,0.18359166,0.81640834
215,0.989062,0.010938004
216,0.989062,0.010938004
217,0.989062,0.010938004
218,0.989062,0.010938004
219,0.989062,0.010938004
220,0.989062,0.010938004
221,0.989062,0.010938004
222,0.989062,0.010938004
223,0.989062,0.010938004
224,0.99734586,0.0026541548
225,0.989062,0.010938004
226,0.989062,0.010938004
227,0.039127827,0.9608722
228,0.989062,0.010938004
229,0.989062,0.010938004
230,0.96355677,0.036443263
231,0.80965036,0.19034965
232,0.99734586,0.0026541548
233,0.06269193,0.9373081
234,0.989062,0.010938004
235,0.989062,0.010938004
236,0.99858075,0.00141923
237,0.989062,0.010938004
238,0.989062,0.010938004
239,0.99858075,0.00141923
240,0.51593244,0.48406756
241,0.99641114,0.0035888643
242,0.989062,0.010938004
243,0.989062,0.010938004
244,0.7116956,0.2883044
245,0.989062,0.010938004
246,0.04196,0.95804
247,0.989062,0.010938004
248,0.99734586,0.0026541548
249,0.989062,0.010938004
250,0.989062,0.010938004
251,0.91635996,0.08364005
252,0.99734586,0.0026541548
253,0.0334996,0.9665004
254,0.99641114,0.0035888643
255,3.5762787e-05,0.99996424
256,0.989062,0.010938004
257,0.989062,0.010938004
258,0.97646016,0.023539849
259,0.007098496,0.9929015
260,0.989062,0.010938004
261,0.989062,0.010938004
262,0.989062,0.010938004
263,0.989062,0.010938004
264,0.989062,0.010938004
265,0.989062,0.010938004
266,0.0006687641,0.99933124
267,0.99051875,0.009481252
268,0.989062,0.010938004
269,0.989062,0.010938004
270,0.99734586,0.0026541548
271,0.989062,0.010938004
272,0.9933925,0.0066074543
273,0.989062,0.010938004
274,5.9366226e-05,0.99994063
275,0.989062,0.010938004
276,0.989062,0.010938004
277,0.989062,0.010938004
278,0.4025401,0.5974599
279,0.989062,0.010938004
280,0.989062,0.010938004
281,0.989062,0.010938004
282,0.989062,0.010938004
283,0.050061166,0.94993883
284,0.989062,0.010938004
285,0.989062,0.010938004
286,0.0074421167,0.9925579
287,0.989062,0.010938004
288,0.989062,0.010938004
289,0.989062,0.010938004
290,0.989062,0.010938004
291,0.989062,0.010938004
292,0.99641114,0.0035888643
293,0.99858075,0.00141923
294,0.989062,0.010938004
295,0.989062,0.010938004
296,0.989062,0.010938004
297,0.99641114,0.0035888643
298,0.989062,0.010938004
299,0.989062,0.010938004
300,0.989062,0.010938004
301,0.989062,0.010938004
302,0.9943008,0.005699229
303,0.989062,0.010938004
304,0.7855734,0.21442656
305,0.989062,0.010938004
306,0.9965833,0.0034166945
307,0.989062,0.010938004
308,0.989062,0.010938004
309,0.989062,0.010938004
310,0.9656758,0.034324247
311,0.989062,0.010938004
312,0.989062,0.010938004
313,0.9933925,0.0066074543
314,0.989062,0.010938004
315,0.989062,0.010938004
316,0.989062,0.010938004
317,0.9697723,0.030227702
318,0.989062,0.010938004
319,0.989062,0.010938004
320,0.8797344,0.120265625
321,0.989062,0.010938004
322,0.989062,0.010938004
323,0.989062,0.010938004
324,0.0020052195,0.9979948
325,0.989062,0.010938004
326,0.989062,0.010938004
327,0.989062,0.010938004
328,0.989062,0.010938004
329,0.4932006,0.5067994
330,0.76097614,0.23902388
331,0.989062,0.010938004
332,0.989062,0.010938004
333,0.989062,0.010938004
334,0.989062,0.010938004
335,0.989062,0.010938004
336,0.989062,0.010938004
337,0.989062,0.010938004
338,0.989062,0.010938004
339,0.989062,0.010938004
340,0.9788682,0.021131799
341,0.989062,0.010938004
342,0.989062,0.010938004
343,0.50696254,0.4930375
344,0.989062,0.010938004
345,0.9949325,0.005067554
346,0.989062,0.010938004
347,0.989062,0.010938004
348,0.98490417,0.0150958225
349,0.989062,0.010938004
350,0.989062,0.010938004
351,0.989062,0.010938004
352,0.989062,0.010938004
353,0.989062,0.010938004
354,0.012295961,0.98770404
355,0.9949325,0.005067554
356,0.989062,0.010938004
357,0.989062,0.010938004
358,0.989062,0.010938004
359,0.989062,0.010938004
360,0.989062,0.010938004
361,0.989062,0.010938004
362,0.9657094,0.034290615
363,0.989062,0.010938004
364,0.989062,0.010938004
365,0.989062,0.010938004
366,0.989062,0.010938004
367,0.99858075,0.00141923
368,0.989062,0.010938004
369,0.28182077,0.7181792
370,0.08594185,0.91405815
371,0.97097284,0.029027168
372,0.989062,0.010938004
373,0.989062,0.010938004
374,0.989062,0.010938004
375,0.7561128,0.24388719
376,0.989062,0.010938004
377,0.9949325,0.005067554
378,0.989062,0.010938004
379,0.989062,0.010938004
380,0.989062,0.010938004
381,0.989062,0.010938004
382,0.14324021,0.8567598
383,0.989062,0.010938004
384,0.989062,0.010938004
385,0.989062,0.010938004
386,0.989062,0.010938004
387,0.9418799,0.058120094
388,0.989062,0.010938004
389,0.9767945,0.023205541
390,0.06697059,0.9330294
391,0.989062,0.010938004
392,0.989062,0.010938004
393,0.002810061,0.99718994
394,0.989062,0.010938004
395,0.0039057136,0.9960943
396,0.989062,0.010938004
397,0.989062,0.010938004
398,0.989062,0.010938004
399,0.989062,0.010938004
400,0.989062,0.010938004
401,0.0003271103,0.9996729
402,0.989062,0.010938004
403,0.989062,0.010938004
404,0.989062,0.010938004
405,0.989062,0.010938004
406,0.989062,0.010938004
407,0.989062,0.010938004
408,0.989062,0.010938004
409,0.989062,0.010938004
410,0.47678494,0.52321506
411,0.989062,0.010938004
412,0.989062,0.010938004
413,0.5808933,0.4191067
414,0.99858075,0.00141923
415,0.23241043,0.76758957
416,0.113167346,0.88683265
417,0.989062,0.010938004
418,0.57612455,0.42387542
419,0.989062,0.010938004
420,0.989062,0.010938004
421,0.989062,0.010938004
422,0.989062,0.010938004
423,0.989062,0.010938004
424,0.99734586,0.0026541548
425,0.989062,0.010938004
426,0.9949325,0.005067554
427,0.8146837,0.1853163
428,0.989062,0.010938004
429,0.03720504,0.96279496
430,0.989062,0.010938004
431,0.989062,0.010938004
432,0.9949325,0.005067554
433,0.989062,0.010938004
434,0.989062,0.010938004
435,0.95465493,0.045345087
436,0.989062,0.010938004
437,0.9087328,0.09126721
438,0.9933925,0.0066074543
439,0.989062,0.010938004
440,0.989062,0.010938004
441,0.989062,0.010938004
442,0.989062,0.010938004
443,0.989062,0.010938004
444,0.989062,0.010938004
445,0.002189219,0.9978108
446,0.989062,0.010938004
447,0.989062,0.010938004
448,0.989062,0.010938004
449,0.989062,0.010938004
450,0.07434863,0.9256514
451,0.989062,0.010938004
452,0.989062,0.010938004
453,0.8924897,0.10751034
454,0.94677174,0.05322829
455,0.99858075,0.00141923
456,0.989062,0.010938004
457,0.989062,0.010938004
458,0.013158321,0.9868417
459,0.989062,0.010938004
460,0.989062,0.010938004
461,0.989062,0.010938004
462,0.989062,0.010938004
463,0.989062,0.010938004
464,0.989062,0.010938004
465,0.9788682,0.021131799
466,0.989062,0.010938004
467,0.02383542,0.9761646
468,0.99641114,0.0035888643
469,0.989062,0.010938004
470,0.989062,0.010938004
471,0.989062,0.010938004
472,0.989062,0.010938004
473,0.989062,0.010938004
474,0.9933925,0.0066074543
475,0.8073894,0.19261059
476,0.9801602,0.019839821
477,0.99734586,0.0026541548
478,0.99641114,0.0035888643
479,0.6448697,0.35513034
480,0.989062,0.010938004
481,0.16917783,0.83082217
482,0.989062,0.010938004
483,0.989062,0.010938004
484,0.989062,0.010938004
485,0.95365477,0.046345245
486,0.95817524,0.04182477
487,0.989062,0.010938004
488,0.9969114,0.0030885905
489,0.9728924,0.027107626
490,0.9949325,0.005067554
491,0.99073106,0.009268911
492,0.34636313,0.6536369
493,0.989062,0.010938004
494,0.989062,0.010938004
495,0.7271366,0.27286342
496,0.989062,0.010938004
497,0.00038039684,0.9996196
498,0.989062,0.010938004
499,0.0014262199,0.9985738
500,0.989062,0.010938004
501,0.023236632,0.97676337
502,0.989062,0.010938004
503,0.989062,0.010938004
504,0.989062,0.010938004
505,0.8969665,0.103033505
506,0.989062,0.010938004
507,0.99858075,0.00141923
508,0.5721972,0.42780277
509,0.0023448467,0.99765515
510,0.989062,0.010938004
511,0.9949325,0.005067554
512,0.989062,0.010938004
513,0.9948136,0.005186386
514,0.989062,0.010938004
515,0.986097,0.013902999
516,0.9958071,0.004192904
517,0.989062,0.010938004
518,0.989062,0.010938004
519,0.989062,0.010938004
520,0.989062,0.010938004
521,0.0022934675,0.99770653
522,0.989062,0.010938004
523,0.0015282035,0.9984718
524,0.989062,0.010938004
525,0.99734586,0.0026541548
526,0.989062,0.010938004
527,0.989062,0.010938004
528,0.989062,0.010938004
529,0.9241882,0.07581181
530,0.989062,0.010938004
531,0.95465493,0.045345087
532,0.11139923,0.88860077
533,0.99073106,0.009268911
534,0.989062,0.010938004
535,0.989062,0.010938004
536,0.989062,0.010938004
537,0.61313045,0.38686952
538,0.989062,0.010938004
539,0.989062,0.010938004
540,0.99073106,0.009268911
541,0.00095564127,0.99904436
542,0.989062,0.010938004
543,0.989062,0.010938004
544,0.989062,0.010938004
545,0.989062,0.010938004
546,0.99858075,0.00141923
547,0.989062,0.010938004
548,0.989062,0.010938004
549,0.9949325,0.005067554
550,0.98563427,0.01436575
551,0.989062,0.010938004
552,0.989062,0.010938004
553,0.989062,0.010938004
554,0.9719216,0.028078405
555,0.989062,0.010938004
556,0.989062,0.010938004
557,0.97097284,0.029027168
558,0.9790702,0.02092979
559,0.9719216,0.028078405
560,0.9860956,0.013904372
561,0.989062,0.010938004
562,0.989062,0.010938004
563,0.989062,0.010938004
564,0.989062,0.010938004
565,0.989062,0.010938004
566,0.9933925,0.0066074543
567,0.989062,0.010938004
568,0.989062,0.010938004
569,0.99858075,0.00141923
570,0.989062,0.010938004
571,0.99641114,0.0035888643
572,0.989062,0.010938004
573,0.989062,0.010938004
574,0.989062,0.010938004
575,0.989062,0.010938004
576,0.989062,0.010938004
577,0.103868425,0.8961316
578,0.989062,0.010938004
579,0.989062,0.010938004
580,0.99734586,0.0026541548
581,0.989062,0.010938004
582,0.010889113,0.9891109
583,0.989062,0.010938004
584,0.989062,0.010938004
585,0.00016880035,0.9998312
586,0.989062,0.010938004
587,0.99641114,0.0035888643
588,0.99858075,0.00141923
589,0.8930177,0.106982276
590,0.989062,0.010938004
591,0.989062,0.010938004
592,0.9719216,0.028078405
593,0.989062,0.010938004
594,0.99734586,0.0026541548
595,0.9943008,0.005699229
596,0.989062,0.010938004
597,0.9949325,0.005067554
598,0.99641114,0.0035888643
599,0.989062,0.010938004
600,0.989062,0.010938004
601,0.989062,0.010938004
602,0.989062,0.010938004
603,0.7148231,0.28517687
604,0.99734586,0.0026541548
605,0.95465493,0.045345087
606,0.980751,0.019249035
607,0.00040203333,0.99959797
608,0.989062,0.010938004
609,0.989062,0.010938004
610,0.989062,0.010938004
611,0.00028043985,0.99971956
612,0.00032305717,0.99967694
613,0.989062,0.010938004
614,0.989062,0.010938004
615,0.989062,0.010938004
616,0.989062,0.010938004
617,0.99858075,0.00141923
618,0.20964217,0.7903578
619,0.989062,0.010938004
620,0.989062,0.010938004
621,0.989062,0.010938004
622,0.989062,0.010938004
623,0.989062,0.010938004
624,0.989062,0.010938004
625,0.93436456,0.065635435
626,0.9488421,0.051157918
627,0.989062,0.010938004
628,0.989062,0.010938004
629,0.0010902882,0.9989097
630,0.9853281,0.014671911
631,0.989062,0.010938004
632,0.989062,0.010938004
633,0.9949325,0.005067554
634,0.989062,0.010938004
635,0.9948136,0.005186386
636,0.989062,0.010938004
637,0.989062,0.010938004
638,0.989062,0.010938004
639,0.989062,0.010938004
640,0.989062,0.010938004
641,0.9948136,0.005186386
642,0.989062,0.010938004
643,0.7489033,0.25109676
644,0.99569035,0.0043096333
645,0.95465493,0.045345087
646,0.989062,0.010938004
647,0.989062,0.010938004
648,0.8948776,0.10512238
649,0.989062,0.010938004
650,0.9710823,0.02891764
651,0.989062,0.010938004
652,0.989062,0.010938004
653,0.989062,0.010938004
654,0.9776187,0.022381302
655,0.989062,0.010938004
656,0.98490417,0.0150958225
657,0.989062,0.010938004
658,0.989062,0.010938004
659,0.989062,0.010938004
660,0.989062,0.010938004
661,0.9948136,0.005186386
662,0.989062,0.010938004
663,0.9948136,0.005186386
664,0.9933925,0.0066074543
665,0.989062,0.010938004
666,0.989062,0.010938004
667,0.99051875,0.009481252
668,0.97749317,0.022506803
669,0.989062,0.010938004
670,0.989062,0.010938004
671,0.9767945,0.023205541
672,0.008950353,0.99104965
673,0.989062,0.010938004
674,0.989062,0.010938004
675,0.9933925,0.0066074543
676,0.989062,0.010938004
677,0.989062,0.010938004
678,0.99858075,0.00141923
679,0.00016880035,0.9998312
680,0.9728924,0.027107626
681,0.989062,0.010938004
682,0.989062,0.010938004
683,0.00095564127,0.99904436
684,0.989062,0.010938004
685,0.989062,0.010938004
686,0.989062,0.010938004
687,0.989062,0.010938004
688,0.9719216,0.028078405
689,0.989062,0.010938004
690,0.989062,0.010938004
691,0.989062,0.010938004
692,0.989062,0.010938004
693,0.989062,0.010938004
694,0.989062,0.010938004
695,0.989062,0.010938004
696,0.017784536,0.98221546
697,0.989062,0.010938004
698,0.9978913,0.002108717
699,0.004026711,0.9959733
700,0.989062,0.010938004
701,0.989062,0.010938004
702,0.99858075,0.00141923
703,0.989062,0.010938004
704,0.989062,0.010938004
705,0.989062,0.010938004
706,0.989062,0.010938004
707,0.6349579,0.36504206
708,0.95817524,0.04182477
709,0.989062,0.010938004
710,0.9933925,0.0066074543
711,0.989062,0.010938004
712,0.93879133,0.061208654
713,0.989062,0.010938004
714,0.989062,0.010938004
715,0.989062,0.010938004
716,0.989062,0.010938004
717,0.99422383,0.005776137
718,2.1100044e-05,0.9999789
719,0.980751,0.019249035
720,0.989062,0.010938004
721,0.9949325,0.005067554
722,0.989062,0.010938004
723,0.99734586,0.0026541548
724,0.99734586,0.0026541548
725,0.989062,0.010938004
726,0.99641114,0.0035888643
727,0.989062,0.010938004
728,0.16128379,0.8387162
729,0.989062,0.010938004
730,0.989062,0.010938004
731,0.989062,0.010938004
732,0.989062,0.010938004
733,0.989062,0.010938004
734,0.989062,0.010938004
735,0.0026677847,0.9973322
736,0.989062,0.010938004
737,0.989062,0.010938004
738,0.989062,0.010938004
739,0.9948136,0.005186386
740,0.20533347,0.7946665
741,0.989062,0.010938004
742,0.97646016,0.023539849
743,0.9790702,0.02092979
744,0.06642318,0.9335768
745,0.989062,0.010938004
746,0.989062,0.010938004
747,0.989062,0.010938004
748,0.9006829,0.09931707
749,0.9996581,0.00034189032
750,0.989062,0.010938004
751,0.99858075,0.00141923
752,0.989062,0.010938004
753,0.989062,0.010938004
754,0.989062,0.010938004
755,0.99734586,0.0026541548
756,0.989062,0.010938004
757,0.0008817315,0.99911827
758,0.0007658005,0.9992342
759,0.94740224,0.052597754
760,0.989062,0.010938004
761,0.989062,0.010938004
762,0.989062,0.010938004
763,0.989062,0.010938004
764,0.0010544658,0.99894553
765,0.989062,0.010938004
766,0.99709564,0.0029043285
767,0.989062,0.010938004
768,0.989062,0.010938004
769,0.989062,0.010938004
770,0.9949325,0.005067554
771,0.93016446,0.06983557
772,0.15370208,0.8462979
773,0.989062,0.010938004
774,0.989062,0.010938004
775,0.989062,0.010938004
776,0.9933925,0.0066074543
777,0.83990026,0.16009973
778,0.989062,0.010938004
779,0.00020593405,0.99979407
780,0.9943008,0.005699229
781,0.989062,0.010938004
782,0.989062,0.010938004
783,0.95817524,0.04182477
784,0.9972602,0.0027397678
785,0.00013136864,0.99986863
786,0.989062,0.010938004
787,0.989062,0.010938004
788,0.9977229,0.0022770618
789,0.989062,0.010938004
790,0.989062,0.010938004
791,0.9767945,0.023205541
792,0.989062,0.010938004
793,0.989062,0.010938004
794,0.99858075,0.00141923
795,0.9933925,0.0066074543
796,0.989062,0.010938004
797,0.989062,0.010938004
798,0.989062,0.010938004
799,0.989062,0.010938004
800,0.6445292,0.3554708
801,0.6735449,0.32645512
802,0.8930177,0.106982276
803,0.989062,0.010938004
804,0.005093813,0.9949062
805,0.989062,0.010938004
806,0.9853281,0.014671911
807,0.06368816,0.93631184
808,0.989062,0.010938004
809,0.989062,0.010938004
810,0.989062,0.010938004
811,0.01648593,0.9835141
812,0.989062,0.010938004
813,0.989062,0.010938004
814,0.989062,0.010938004
815,0.99073106,0.009268911
816,0.0010310411,0.99896896
817,0.989062,0.010938004
818,0.989062,0.010938004
819,0.989062,0.010938004
820,0.14324021,0.8567598
821,0.0007494092,0.9992506
822,0.7717973,0.22820273
823,0.989062,0.010938004
824,0.57401824,0.4259818
825,0.989062,0.010938004
826,0.989062,0.010938004
827,0.989062,0.010938004
828,0.989062,0.010938004
829,0.989062,0.010938004
830,0.99073106,0.009268911
831,0.989062,0.010938004
832,0.989062,0.010938004
833,0.989062,0.010938004
834,0.989062,0.010938004
835,0.989062,0.010938004
836,0.989062,0.010938004
837,0.94321746,0.056782532
838,0.989062,0.010938004
839,0.989062,0.010938004
840,0.989062,0.010938004
841,0.989062,0.010938004
842,0.989062,0.010938004
843,0.989062,0.010938004
844,0.99819136,0.0018086634
845,0.005282104,0.9947179
846,0.989062,0.010938004
847,0.99858075,0.00141923
848,0.99073106,0.009268911
849,0.989062,0.010938004
850,0.9488421,0.051157918
851,0.989062,0.010938004
852,1.0251999e-05,0.99998975
853,0.99073106,0.009268911
854,0.989062,0.010938004
855,0.057907343,0.94209266
856,0.9923221,0.007677938
857,0.989062,0.010938004
858,0.989062,0.010938004
859,0.00035095215,0.99964905
860,0.056284666,0.94371533
861,0.989062,0.010938004
862,0.989062,0.010938004
863,0.989062,0.010938004
864,0.99858075,0.00141923
865,0.989062,0.010938004
866,0.989062,0.010938004
867,0.989062,0.010938004
868,0.989062,0.010938004
869,0.91417134,0.08582863
870,0.989062,0.010938004
871,0.989062,0.010938004
872,0.023322046,0.97667795
873,0.989062,0.010938004
874,0.0023370981,0.9976629
875,0.97749317,0.022506803
876,0.989062,0.010938004
877,0.9825542,0.01744581
878,0.0042630434,0.99573696
879,0.989062,0.010938004
880,0.989062,0.010938004
881,0.989062,0.010938004
882,0.9948136,0.005186386
883,0.989062,0.010938004
884,0.88378996,0.11621003
885,0.989062,0.010938004
886,0.9723828,0.02761724
887,0.989062,0.010938004
888,0.99858075,0.00141923
889,0.989062,0.010938004
890,0.989062,0.010938004
891,0.95465493,0.045345087
892,0.989062,0.010938004
893,0.014897466,0.98510253
894,0.99734586,0.0026541548
895,0.01958412,0.9804159
896,0.976972,0.02302801
897,0.989062,0.010938004
898,0.989062,0.010938004
899,0.989062,0.010938004
900,0.989062,0.010938004
901,0.989062,0.010938004
902,0.989062,0.010938004
903,0.989062,0.010938004
904,0.989062,0.010938004
905,0.989062,0.010938004
906,0.989062,0.010938004
907,0.989062,0.010938004
908,0.0005353093,0.9994647
909,0.9948136,0.005186386
910,0.989062,0.010938004
911,0.989062,0.010938004
912,0.99858075,0.00141923
913,0.00117594,0.99882406
914,0.64953,0.35047
