,0,1
0,0.46615177,0.5338482
1,0.0066918135,0.9933082
2,0.9765036,0.02349638
3,0.22102594,0.77897406
4,0.33580148,0.6641985
5,0.84366524,0.15633476
6,0.18139166,0.81860834
7,0.018795907,0.9812041
8,0.9725601,0.027439898
9,0.9487826,0.05121737
10,0.09382498,0.906175
11,0.0042515397,0.99574846
12,0.9809548,0.019045157
13,0.043157697,0.9568423
14,0.89768857,0.102311455
15,0.24365032,0.7563497
16,0.8528745,0.14712545
17,0.7303114,0.26968864
18,0.9030069,0.09699308
19,0.6962222,0.30377784
20,0.6438898,0.3561102
21,0.09372032,0.9062797
22,0.2668444,0.7331556
23,0.06281984,0.93718016
24,0.9321247,0.06787535
25,0.0973441,0.9026559
26,0.81453246,0.18546754
27,0.24421453,0.75578547
28,0.342448,0.657552
29,0.0036229491,0.99637705
30,0.309026,0.690974
31,0.9048582,0.09514181
32,0.48283827,0.5171617
33,0.22140664,0.77859336
34,0.22676128,0.7732387
35,0.828145,0.171855
36,0.9883811,0.011618907
37,0.7836744,0.2163256
38,0.763472,0.23652796
39,0.82584476,0.17415522
40,0.79672605,0.20327395
41,0.8782466,0.12175342
42,0.99184227,0.008157707
43,0.7740915,0.2259085
44,0.8969107,0.10308929
45,0.022828937,0.97717106
46,0.822116,0.17788401
47,0.43157274,0.56842726
48,0.9930837,0.0069163116
49,0.27210784,0.72789216
50,0.93165934,0.06834063
51,0.852531,0.14746898
52,0.36759055,0.63240945
53,0.28996038,0.7100396
54,0.21591353,0.78408647
55,0.36916387,0.6308361
56,0.9771572,0.022842819
57,0.32048672,0.6795133
58,0.6270684,0.37293163
59,0.08555102,0.914449
60,0.33919692,0.6608031
61,0.99242663,0.0075733806
62,0.9176355,0.0823645
63,0.08425766,0.91574234
64,0.42017817,0.5798218
65,0.769811,0.23018904
66,0.037088037,0.96291196
67,0.064035594,0.9359644
68,0.78312135,0.21687864
69,0.12274325,0.87725675
70,0.932198,0.067802
71,0.24454468,0.7554553
72,0.006337881,0.9936621
73,0.23820251,0.7617975
74,0.10805422,0.8919458
75,0.9957856,0.0042144293
76,0.8454702,0.15452982
77,0.21152097,0.78847903
78,0.5519327,0.44806734
79,0.19633335,0.80366665
80,0.47830844,0.52169156
81,0.9189171,0.081082895
82,0.98307097,0.01692901
83,0.12563646,0.87436354
84,0.9287285,0.0712715
85,0.092935205,0.9070648
86,0.017104626,0.9828954
87,0.8227036,0.1772964
88,0.9807998,0.019200232
89,0.059239388,0.9407606
90,0.17160553,0.8283945
91,0.17140746,0.82859254
92,0.1049484,0.8950516
93,0.5475459,0.45245412
94,0.44922292,0.5507771
95,0.98257065,0.017429326
96,0.09047097,0.90952903
97,0.9075035,0.09249654
98,0.8955772,0.10442279
99,0.9414882,0.05851178
100,0.5491419,0.4508581
101,0.05056858,0.9494314
102,0.9987568,0.0012431756
103,0.07120317,0.9287968
104,0.8970472,0.1029528
105,0.65456814,0.34543186
106,0.90011907,0.09988095
107,0.98591655,0.014083424
108,0.41265273,0.58734727
109,0.21564722,0.7843528
110,0.31598282,0.6840172
111,0.5764089,0.42359108
112,0.06491995,0.93508005
113,0.006433308,0.9935667
114,0.5029894,0.49701062
115,0.12550098,0.874499
116,0.040715873,0.9592841
117,0.016258836,0.98374116
118,0.9765493,0.023450654
119,0.79823846,0.20176156
120,0.046984315,0.9530157
121,0.030153811,0.9698462
122,0.48995107,0.5100489
123,0.076491,0.923509
124,0.07373601,0.926264
125,0.013234615,0.9867654
126,0.89260554,0.10739443
127,0.984355,0.015645044
128,0.67576534,0.32423466
129,0.9452597,0.054740336
130,0.13983762,0.8601624
131,0.36540878,0.6345912
132,0.88278776,0.11721221
133,0.15275264,0.84724736
134,0.0698694,0.9301306
135,0.34205002,0.65795
136,0.79876244,0.20123756
137,0.95917434,0.04082567
138,0.77389634,0.2261037
139,0.7787775,0.22122249
140,0.89700913,0.10299086
141,0.0016201735,0.9983798
142,0.5352683,0.4647317
143,0.7108373,0.2891627
144,0.7474449,0.25255507
145,0.8331163,0.16688368
146,0.81243956,0.18756041
147,0.96615547,0.033844557
148,0.36870623,0.6312938
149,0.90148824,0.09851175
150,0.7082059,0.29179412
151,0.02552569,0.9744743
152,0.86080956,0.13919044
153,0.8695628,0.13043721
154,0.024689555,0.97531044
155,0.77250415,0.22749586
156,0.88038605,0.11961397
157,0.0681712,0.9318288
158,0.552749,0.44725102
159,0.09652257,0.90347743
160,0.053119898,0.9468801
161,0.57796097,0.42203903
162,0.8254732,0.17452683
163,0.106729686,0.8932703
164,0.9816826,0.018317377
165,0.09151411,0.9084859
166,0.85967696,0.14032303
167,0.901202,0.09879799
168,0.45149273,0.5485073
169,0.8953018,0.10469821
170,0.09001613,0.9099839
171,0.9622843,0.037715692
172,0.042847276,0.9571527
173,0.8838464,0.11615358
174,0.07177663,0.9282234
175,0.28811467,0.71188533
176,0.7482836,0.25171635
177,0.9853308,0.014669208
178,0.96709615,0.032903828
179,0.92571396,0.074286066
180,0.72243094,0.27756903
181,0.31156188,0.6884381
182,0.42700183,0.57299817
183,0.032917082,0.9670829
184,0.6900021,0.30999795
185,0.18404931,0.8159507
186,0.8035612,0.19643882
187,0.5958078,0.40419218
188,0.003526032,0.99647397
189,0.713761,0.28623906
190,0.83021706,0.16978294
191,0.16329336,0.83670664
192,0.97192395,0.028076056
193,0.097061515,0.9029385
194,0.36226898,0.637731
195,0.01899457,0.98100543
196,0.15990311,0.8400969
197,0.024939895,0.9750601
198,0.047615767,0.95238423
199,0.25226712,0.7477329
200,0.023097157,0.97690284
201,0.9939636,0.006036397
202,0.98836136,0.011638669
203,0.84973013,0.15026988
204,0.9590481,0.040951893
205,0.9473141,0.05268591
206,0.99612075,0.0038792384
207,0.4062581,0.5937419
208,0.9025446,0.09745537
209,0.9930444,0.0069556255
210,0.34905678,0.6509432
211,0.65246785,0.34753212
212,0.021311402,0.9786886
213,0.002128005,0.997872
214,0.35979718,0.6402028
215,0.98381865,0.01618133
216,0.9863159,0.013684123
217,0.9975273,0.0024727103
218,0.5398884,0.46011162
219,0.7956746,0.20432538
220,0.0053414702,0.9946585
221,0.9396248,0.060375188
222,0.6776098,0.32239017
223,0.6730029,0.3269971
224,0.19956207,0.8004379
225,0.07128775,0.92871225
226,0.07935941,0.9206406
227,0.83495694,0.16504306
228,0.64102864,0.35897136
229,0.04489684,0.95510316
230,0.50734174,0.49265823
231,0.7336766,0.2663234
232,0.0022192597,0.99778074
233,0.22759014,0.77240986
234,0.9787253,0.021274699
235,0.044948816,0.9550512
236,0.916562,0.083437964
237,0.7775996,0.22240043
238,0.16785097,0.832149
239,0.21054149,0.7894585
240,0.003728509,0.9962715
241,0.09050864,0.90949136
242,0.0473153,0.9526847
243,0.15399384,0.84600616
244,0.25632775,0.74367225
245,0.6887622,0.31123778
246,0.01651603,0.98348397
247,0.734846,0.26515403
248,0.7022634,0.2977366
249,0.9644264,0.0355736
250,0.98609936,0.013900634
251,0.14954305,0.85045695
252,0.37122035,0.62877965
253,0.29847997,0.70152
254,0.014404893,0.9855951
255,0.4556465,0.5443535
256,0.5649106,0.4350894
257,0.12990505,0.87009495
258,0.9806674,0.019332575
259,0.46466547,0.5353345
260,0.17691278,0.8230872
261,0.35677177,0.64322823
262,0.0010297298,0.99897027
263,0.966911,0.03308896
264,0.0524624,0.9475376
265,0.6082101,0.39178988
266,0.10829687,0.8917031
267,0.049944222,0.9500558
268,0.7705078,0.22949219
269,0.31719053,0.6828095
270,0.9832311,0.016768869
271,0.14686972,0.8531303
272,0.046407223,0.9535928
273,0.37251514,0.62748486
274,0.89522564,0.10477433
275,0.44283426,0.55716574
276,0.93929946,0.06070052
277,0.9919081,0.008091947
278,0.68641293,0.31358704
279,0.24495828,0.7550417
280,0.34197313,0.6580269
281,0.1449976,0.8550024
282,0.58967984,0.41032013
283,0.17209762,0.8279024
284,0.95114815,0.048851874
285,0.99415016,0.005849866
286,0.0077289343,0.99227107
287,0.9798654,0.020134652
288,0.009953797,0.9900462
289,0.785112,0.21488795
290,0.049451053,0.95054895
291,0.29199797,0.70800203
292,0.42552263,0.5744774
293,0.5146514,0.48534855
294,0.381729,0.618271
295,0.45842165,0.54157835
296,0.5864339,0.41356614
297,0.0052408576,0.99475914
298,0.55944514,0.4405549
299,0.31951886,0.68048114
300,0.47657263,0.52342737
301,0.096040785,0.9039592
302,0.82033175,0.17966826
303,0.7993625,0.20063752
304,0.8929915,0.107008524
305,0.89466846,0.10533155
306,0.28529537,0.71470463
307,0.060044646,0.93995535
308,0.4293751,0.5706249
309,0.87949777,0.12050226
310,0.7409692,0.25903085
311,0.48032463,0.5196754
312,0.006910622,0.9930894
313,0.49972117,0.50027883
314,0.8674339,0.13256606
315,0.9961013,0.003898667
316,0.052973986,0.947026
317,0.37880617,0.6211938
318,0.72389823,0.27610177
319,0.3896109,0.6103891
320,0.9930249,0.0069750953
321,0.8978555,0.10214445
322,0.26851314,0.73148686
323,0.020707607,0.9792924
324,0.06422472,0.9357753
325,0.26594484,0.73405516
326,0.0037304163,0.9962696
327,0.87063396,0.12936603
328,0.9733714,0.026628643
329,0.29936093,0.70063907
330,0.9495242,0.050475795
331,0.34095335,0.65904665
332,0.04731214,0.95268786
333,0.15029538,0.8497046
334,0.010756493,0.9892435
335,0.92595947,0.0740405
336,0.5801074,0.4198926
337,0.009315491,0.9906845
338,0.30531806,0.69468194
339,0.33895707,0.6610429
340,0.32309288,0.6769071
341,0.84537125,0.15462872
342,0.48022538,0.5197746
343,0.3558181,0.6441819
344,0.8025472,0.19745275
345,0.7956296,0.20437035
346,0.9477436,0.052256417
347,0.90032035,0.099679664
348,0.14346391,0.8565361
349,0.22021025,0.77978975
350,0.01071775,0.98928225
351,0.9903546,0.009645392
352,0.25584,0.74416
353,0.93102944,0.06897053
354,0.20793271,0.7920673
355,0.02409035,0.97590965
356,0.24868989,0.7513101
357,0.17560852,0.8243915
358,0.21211326,0.78788674
359,0.9928816,0.007118422
360,0.3413788,0.6586212
361,0.025724113,0.9742759
362,0.9792284,0.02077164
363,0.13702995,0.86297005
364,0.0030477047,0.9969523
365,0.5631506,0.43684942
366,0.9657867,0.034213286
367,0.93945825,0.06054177
368,0.68608046,0.31391954
369,0.9973301,0.0026698974
370,0.43182117,0.56817883
371,0.686802,0.31319794
372,0.07887834,0.92112166
373,0.103910446,0.89608955
374,0.8968483,0.10315165
375,0.5470675,0.45293245
376,0.6435231,0.35647687
377,0.58831537,0.41168466
378,0.6192645,0.3807355
379,0.11513311,0.8848669
380,0.11865556,0.88134444
381,0.89215136,0.107848674
382,0.20960093,0.7903991
383,0.99138564,0.008614371
384,0.14900088,0.8509991
385,0.03323728,0.9667627
386,0.4463923,0.5536077
387,0.2823422,0.7176578
388,0.5520413,0.44795874
389,0.055006087,0.9449939
390,0.5949467,0.40505332
391,0.7260182,0.27398178
392,0.03005749,0.9699425
393,0.1358794,0.8641206
394,0.19891554,0.80108446
395,0.23507619,0.7649238
396,0.0065520406,0.99344796
397,0.025717199,0.9742828
398,0.187213,0.812787
399,0.92477226,0.07522776
