,0,1
0,0.064939916,0.9350601
1,0.048261583,0.9517384
2,0.90335244,0.09664754
3,0.40928888,0.5907111
4,0.3543387,0.6456613
5,0.9707742,0.029225813
6,0.47634333,0.52365667
7,0.16254246,0.83745754
8,0.99161845,0.008381563
9,0.9984989,0.0015010986
10,0.25022095,0.74977905
11,0.0022512078,0.9977488
12,0.9942616,0.0057383645
13,0.008232355,0.99176764
14,0.8121904,0.18780962
15,0.98510045,0.014899525
16,0.9192186,0.080781415
17,0.9827422,0.017257782
18,0.99469525,0.0053047324
19,0.97893214,0.02106783
20,0.63271904,0.367281
21,0.43410963,0.5658904
22,0.37803286,0.62196714
23,0.17814279,0.8218572
24,0.79264414,0.20735586
25,0.9786807,0.02131933
26,0.7424822,0.2575178
27,0.08106303,0.91893697
28,0.8229366,0.17706342
29,0.00054103136,0.99945897
30,0.9090239,0.09097609
31,0.8596203,0.14037973
32,0.9517698,0.04823016
33,0.27613324,0.72386676
34,0.9624744,0.037525587
35,0.98795104,0.012048988
36,0.9975853,0.0024147101
37,0.9069716,0.09302841
38,0.66859543,0.33140454
39,0.1683597,0.8316403
40,0.005483806,0.9945162
41,0.9971665,0.0028334605
42,0.92252296,0.07747704
43,0.4112888,0.5887112
44,0.9047732,0.0952268
45,0.032691777,0.9673082
46,0.9316706,0.068329416
47,0.7842985,0.21570152
48,0.820845,0.17915502
49,0.058047414,0.9419526
50,0.6675502,0.33244982
51,0.98909795,0.010902039
52,0.9851683,0.014831747
53,0.43139076,0.56860924
54,0.25095862,0.7490414
55,0.9082902,0.0917098
56,0.2137639,0.7862361
57,0.37002987,0.62997013
58,0.72606474,0.27393526
59,0.012999415,0.9870006
60,0.05641365,0.94358635
61,0.9738871,0.026112918
62,0.7675546,0.23244543
63,0.0071401,0.9928599
64,0.7244444,0.2755556
65,0.28606772,0.7139323
66,0.11474711,0.8852529
67,0.0015056133,0.9984944
68,0.8971248,0.102875166
69,0.12426424,0.87573576
70,0.8346944,0.1653056
71,0.49037445,0.50962555
72,0.0018125176,0.9981875
73,0.02231735,0.97768265
74,0.73499966,0.26500037
75,0.9970318,0.002968213
76,0.92976224,0.07023777
77,0.018850923,0.9811491
78,0.037109554,0.96289045
79,0.082181156,0.91781884
80,0.2998461,0.7001539
81,0.96681476,0.033185225
82,0.98615366,0.013846363
83,0.061996996,0.938003
84,0.6476642,0.3523358
85,0.5869943,0.4130057
86,0.03882122,0.9611788
87,0.9947999,0.0052000848
88,0.9796636,0.020336408
89,0.16532701,0.834673
90,0.058416903,0.9415831
91,0.040587604,0.9594124
92,0.099711895,0.9002881
93,0.8959423,0.10405772
94,0.6208287,0.3791713
95,0.8180361,0.18196392
96,0.0133062005,0.9866938
97,0.052448094,0.9475519
98,0.94330186,0.05669816
99,0.9789722,0.021027803
100,0.025331974,0.974668
101,0.0028448105,0.9971552
102,0.9596542,0.040345818
103,0.29784465,0.70215535
104,0.87796664,0.12203333
105,0.7827533,0.21724673
106,0.50237644,0.4976236
107,0.94813526,0.05186477
108,0.5841689,0.4158311
109,0.8707945,0.12920554
110,0.07210344,0.92789656
111,0.989067,0.01093298
112,0.30066586,0.69933414
113,0.00418669,0.9958133
114,0.3994416,0.6005584
115,0.0076429844,0.992357
116,0.0008199811,0.99918
117,0.0018025041,0.9981975
118,0.96438116,0.035618823
119,0.9535204,0.04647957
120,0.015746355,0.98425364
121,0.0031462312,0.99685377
122,0.043836296,0.9561637
123,0.07266462,0.9273354
124,0.94691604,0.053083967
125,0.0010026097,0.9989974
126,0.33180928,0.6681907
127,0.9887379,0.011262133
128,0.78809327,0.21190675
129,0.948755,0.051244974
130,0.2212559,0.7787441
131,0.06701243,0.9329876
132,0.9952912,0.0047088037
133,0.38376683,0.61623317
134,0.082065046,0.91793495
135,0.3923508,0.6076492
136,0.7474098,0.2525902
137,0.92365015,0.07634988
138,0.5784952,0.4215048
139,0.93765813,0.062341884
140,0.10398531,0.8960147
141,0.0009764433,0.99902356
142,0.8733512,0.12664878
143,0.22323376,0.77676624
144,0.0034960508,0.99650395
145,0.7238489,0.27615112
146,0.8969324,0.10306759
147,0.8871732,0.1128268
148,0.010359585,0.9896404
149,0.6421031,0.35789695
150,0.9454697,0.054530315
151,0.1709112,0.8290888
152,0.90153176,0.09846826
153,0.73171216,0.26828784
154,0.04240173,0.95759827
155,0.75989455,0.24010544
156,0.9563301,0.043669876
157,0.31898004,0.68101996
158,0.36505687,0.6349431
159,0.19736946,0.80263054
160,0.60192704,0.398073
161,0.6661433,0.3338567
162,0.7872135,0.21278648
163,0.26924223,0.7307578
164,0.98239964,0.017600382
165,0.0086372495,0.99136275
166,0.8131256,0.18687442
167,0.8684867,0.13151331
168,0.95789057,0.042109456
169,0.9938043,0.0061957114
170,0.07591206,0.92408794
171,0.99181885,0.008181156
172,0.08577156,0.91422844
173,0.34350836,0.65649164
174,0.039231837,0.96076816
175,0.022991776,0.9770082
176,0.8504631,0.14953691
177,0.9878696,0.012130394
178,0.96759945,0.032400575
179,0.8937741,0.10622589
180,0.83287525,0.16712476
181,0.4401039,0.5598961
182,0.09936732,0.9006327
183,0.049515128,0.9504849
184,0.15864211,0.8413579
185,0.03242135,0.96757865
186,0.75200295,0.24799708
187,0.9055056,0.09449441
188,0.004157722,0.9958423
189,0.99882174,0.0011782909
190,0.9810926,0.018907456
191,0.11021161,0.8897884
192,0.8787931,0.12120691
193,0.1709786,0.8290214
194,0.089928865,0.91007113
195,0.058903277,0.9410967
196,0.87587655,0.12412345
197,0.10595518,0.8940448
198,0.032627344,0.96737266
199,0.11448318,0.8855168
200,0.011382759,0.98861724
201,0.99879175,0.0012082459
202,0.79566205,0.20433797
203,0.99843997,0.0015600342
204,0.9891228,0.0108771715
205,0.8754909,0.124509096
206,0.9772862,0.022713808
207,0.11755258,0.8824474
208,0.9870765,0.012923497
209,0.95794845,0.042051543
210,0.66349864,0.33650133
211,0.62264013,0.3773599
212,0.71381897,0.28618103
213,0.0006119013,0.9993881
214,0.92068505,0.07931492
215,0.20241302,0.797587
216,0.79816717,0.20183282
217,0.9884423,0.011557697
218,0.94975775,0.050242253
219,0.49191368,0.5080863
220,0.61770153,0.3822985
221,0.95704174,0.042958256
222,0.24151522,0.7584848
223,0.96824676,0.03175325
224,0.03469795,0.96530205
225,0.00024205446,0.99975795
226,0.14453077,0.8554692
227,0.670702,0.32929802
228,0.9174253,0.08257472
229,0.0036480427,0.99635196
230,0.03434336,0.96565664
231,0.91896355,0.08103642
232,0.0014784932,0.9985215
233,0.3219273,0.6780727
234,0.9972493,0.0027507073
235,0.18665892,0.8133411
236,0.41413558,0.5858644
237,0.697477,0.30252305
238,0.049560964,0.95043904
239,0.16572613,0.8342739
240,0.0016566515,0.99834335
241,0.7159139,0.2840861
242,0.013295174,0.9867048
243,0.025343895,0.9746561
244,0.015725672,0.9842743
245,0.06773865,0.93226135
246,0.0044959188,0.9955041
247,0.99645734,0.003542655
248,0.71648705,0.28351298
249,0.9758342,0.024165835
250,0.87681085,0.12318913
251,0.369267,0.630733
252,0.9896371,0.010362932
253,0.7420904,0.2579096
254,0.0014126301,0.99858737
255,0.1478895,0.8521105
256,0.9477351,0.052264955
257,0.31642258,0.6835774
258,0.9866697,0.013330271
259,0.77775586,0.22224413
260,0.35204256,0.64795744
261,0.35179186,0.64820814
262,0.009732544,0.99026746
263,0.9901278,0.009872185
264,0.1462825,0.8537175
265,0.8910302,0.108969815
266,0.111147344,0.88885266
267,0.054667354,0.94533265
268,0.6923872,0.30761275
269,0.055614293,0.9443857
270,0.8887903,0.1112097
271,0.30239755,0.69760245
272,0.0030623674,0.99693763
273,0.5155742,0.4844258
274,0.6503754,0.34962457
275,0.05793512,0.9420649
276,0.9134596,0.08654041
277,0.9560862,0.043913774
278,0.46306574,0.53693426
279,0.5855212,0.41447878
280,0.036138058,0.96386194
281,0.12166542,0.8783346
282,0.6901802,0.30981985
283,0.9525015,0.047498547
284,0.94923025,0.050769728
285,0.90861124,0.09138878
286,0.006557584,0.9934424
287,0.87721497,0.122785024
288,0.03451842,0.9654816
289,0.8935374,0.106462575
290,0.28464317,0.7153568
291,0.098210156,0.90178984
292,0.78725004,0.21274993
293,0.077187,0.922813
294,0.9695074,0.030492608
295,0.9206095,0.079390526
296,0.04135561,0.9586444
297,0.0250023,0.9749977
298,0.00529629,0.9947037
299,0.046934724,0.9530653
300,0.2741819,0.7258181
301,0.62279016,0.37720984
302,0.1678673,0.8321327
303,0.038733006,0.961267
304,0.99549174,0.0045082835
305,0.52362376,0.47637624
306,0.0794732,0.9205268
307,0.08249867,0.91750133
308,0.09900522,0.9009948
309,0.4108215,0.5891785
310,0.96835387,0.031646147
311,0.43665117,0.5633488
312,0.018443942,0.98155606
313,0.99242103,0.0075789914
314,0.5503249,0.44967505
315,0.9956933,0.0043066693
316,0.04252708,0.9574729
317,0.02944833,0.97055167
318,0.9782194,0.021780597
319,0.27164334,0.72835666
320,0.99551713,0.004482889
321,0.9834935,0.01650649
322,0.1324206,0.8675794
323,0.04191816,0.95808184
324,0.043190002,0.95681
325,0.65754306,0.3424569
326,0.010417104,0.9895829
327,0.87971884,0.12028118
328,0.7185298,0.28147018
329,0.4507826,0.5492174
330,0.9951121,0.0048879078
331,0.4150123,0.5849877
332,0.00980711,0.9901929
333,0.21308726,0.78691274
334,0.014800549,0.98519945
335,0.99308926,0.00691072
336,0.18624419,0.8137558
337,0.2426815,0.7573185
338,0.035326898,0.9646731
339,0.20932001,0.79068
340,0.015621126,0.9843789
341,0.2816018,0.7183982
342,0.109151125,0.8908489
343,0.8657664,0.13423361
344,0.9183637,0.08163633
345,0.0572384,0.9427616
346,0.5788997,0.42110032
347,0.36902785,0.63097215
348,0.22857946,0.77142054
349,0.016849816,0.9831502
350,0.023657143,0.97634286
351,0.86750185,0.13249817
352,0.773597,0.226403
353,0.95251536,0.04748465
354,0.9702604,0.029739598
355,0.0056478977,0.9943521
356,0.10167974,0.89832026
357,0.0012465715,0.9987534
358,0.1347633,0.8652367
359,0.9904789,0.009521109
360,0.8289056,0.17109445
361,0.864825,0.13517502
362,0.93500143,0.064998575
363,0.9391961,0.06080388
364,0.04157871,0.9584213
365,0.9300346,0.06996543
366,0.95342475,0.046575252
367,0.86805844,0.13194157
368,0.29154408,0.7084559
369,0.99823034,0.001769645
370,0.9387971,0.061202854
371,0.9777736,0.02222638
372,0.013939381,0.9860606
373,0.018563211,0.9814368
374,0.9874136,0.01258643
375,0.06385493,0.93614507
376,0.11209959,0.8879004
377,0.73044443,0.26955554
378,0.7206054,0.27939466
379,0.66514385,0.33485618
380,0.20962453,0.7903755
381,0.9651493,0.034850713
382,0.105647385,0.8943526
383,0.9947209,0.0052791378
384,0.21734256,0.78265744
385,0.04602188,0.9539781
386,0.36040747,0.6395925
387,0.24768943,0.7523106
388,0.5436691,0.45633087
389,0.89826447,0.10173555
390,0.8798555,0.120144494
391,0.104751706,0.8952483
392,0.009146094,0.9908539
393,0.43937206,0.56062794
394,0.655522,0.34447798
395,0.36093283,0.6390672
396,0.032901466,0.96709853
397,0.00073105097,0.99926895
398,0.616305,0.38369504
399,0.024022222,0.9759778
