,0,1
0,0.0014605522,0.99853945
1,0.036870003,0.96313
2,0.99128157,0.008718428
3,0.90498203,0.09501799
4,0.023945212,0.9760548
5,0.97403276,0.02596727
6,0.94163376,0.058366254
7,0.079405606,0.9205944
8,0.7864184,0.21358162
9,0.84780896,0.15219104
10,0.25841314,0.74158686
11,0.0098974705,0.9901025
12,0.97070575,0.029294237
13,0.03303832,0.9669617
14,0.89550304,0.10449698
15,0.9283201,0.07167991
16,0.99857223,0.0014277914
17,0.23281175,0.76718825
18,0.9687104,0.031289577
19,0.9551693,0.044830665
20,0.7579325,0.24206753
21,0.910016,0.08998399
22,0.20203924,0.79796076
23,0.83274406,0.16725592
24,0.87853056,0.121469416
25,0.9565625,0.043437496
26,0.3232851,0.6767149
27,0.618632,0.38136798
28,0.621568,0.37843198
29,0.00073844194,0.99926156
30,0.91326314,0.08673685
31,0.32413346,0.67586654
32,0.29654825,0.70345175
33,0.11289543,0.8871046
34,0.17398292,0.8260171
35,0.94641334,0.05358666
36,0.9936031,0.006396868
37,0.9606756,0.039324377
38,0.48480666,0.51519334
39,0.6729098,0.3270902
40,0.011259973,0.98874
41,0.9335882,0.06641178
42,0.9932489,0.006751139
43,0.41786474,0.58213526
44,0.7409972,0.25900283
45,0.03903365,0.96096635
46,0.6451509,0.35484907
47,0.8899057,0.1100943
48,0.972015,0.027984954
49,0.048921466,0.95107853
50,0.9699853,0.030014683
51,0.99904317,0.00095682614
52,0.9878825,0.012117521
53,0.046796203,0.9532038
54,0.18924814,0.81075186
55,0.55972695,0.44027302
56,0.6212356,0.37876436
57,0.14120924,0.85879076
58,0.45405376,0.54594624
59,0.09988761,0.9001124
60,0.40525424,0.59474576
61,0.962281,0.03771903
62,0.5141739,0.48582608
63,0.22406894,0.77593106
64,0.5643182,0.43568185
65,0.9133565,0.08664354
66,0.72624016,0.2737598
67,0.006453812,0.9935462
68,0.9598307,0.04016931
69,0.18332422,0.8166758
70,0.8905699,0.10943009
71,0.8813688,0.11863118
72,0.009679854,0.99032015
73,0.24235165,0.75764835
74,0.091955245,0.90804476
75,0.9123671,0.087632865
76,0.9470894,0.05291063
77,0.054778934,0.94522107
78,0.7532061,0.24679391
79,0.68360555,0.31639442
80,0.50087595,0.49912405
81,0.9375408,0.062459152
82,0.34137064,0.65862936
83,0.086740136,0.91325986
84,0.80174017,0.19825986
85,0.3599648,0.6400352
86,0.2003541,0.7996459
87,0.86138934,0.13861068
88,0.8881525,0.111847535
89,0.18324071,0.8167593
90,0.67564845,0.32435155
91,0.0522514,0.9477486
92,0.022146285,0.9778537
93,0.9758379,0.02416214
94,0.9722086,0.027791366
95,0.9844836,0.015516419
96,0.211344,0.788656
97,0.56884295,0.43115705
98,0.73786235,0.26213768
99,0.8922335,0.10776653
100,0.19747943,0.8025206
101,0.001585722,0.9984143
102,0.9538632,0.046136804
103,0.052880585,0.9471194
104,0.8788209,0.12117909
105,0.9300455,0.0699545
106,0.9659912,0.034008797
107,0.993849,0.0061510066
108,0.25033987,0.74966013
109,0.3405909,0.6594091
110,0.3498804,0.6501196
111,0.9559211,0.044078894
112,0.8304534,0.1695466
113,0.067683935,0.93231606
114,0.932733,0.06726699
115,0.2912339,0.7087661
116,0.010326028,0.989674
117,0.030636847,0.96936315
118,0.95435727,0.04564272
119,0.7704498,0.22955017
120,0.0064077973,0.9935922
121,0.01798737,0.9820126
122,0.027225971,0.972774
123,0.66411304,0.33588693
124,0.90433395,0.09566604
125,0.021590292,0.9784097
126,0.20681584,0.79318416
127,0.96568936,0.034310635
128,0.77413034,0.22586967
129,0.74023455,0.25976545
130,0.546355,0.45364502
131,0.35307777,0.64692223
132,0.9852046,0.014795448
133,0.27872455,0.72127545
134,0.026548207,0.9734518
135,0.58807135,0.41192868
136,0.53166854,0.46833143
137,0.9065562,0.093443796
138,0.5229236,0.47707644
139,0.7699393,0.23006067
140,0.85631466,0.14368537
141,0.010634661,0.98936534
142,0.6868876,0.31311238
143,0.70718837,0.29281163
144,0.08642769,0.9135723
145,0.70705855,0.29294148
146,0.67879903,0.321201
147,0.9683893,0.0316107
148,0.017732143,0.98226786
149,0.21269882,0.7873012
150,0.22034675,0.77965325
151,0.24168557,0.75831443
152,0.96667576,0.033324264
153,0.7440747,0.2559253
154,0.51190877,0.48809126
155,0.785058,0.214942
156,0.9253867,0.07461329
157,0.20643032,0.7935697
158,0.6984538,0.30154625
159,0.119229496,0.8807705
160,0.3591286,0.6408714
161,0.91950166,0.080498345
162,0.71362424,0.28637573
163,0.11915082,0.8808492
164,0.9989824,0.0010175525
165,0.107352674,0.8926473
166,0.94471526,0.055284742
167,0.8677232,0.13227676
168,0.9716635,0.028336516
169,0.955923,0.044076957
170,0.08770901,0.912291
171,0.36492687,0.6350731
172,0.010853171,0.9891468
173,0.3535812,0.6464188
174,0.0642249,0.9357751
175,0.028586984,0.971413
176,0.98000723,0.019992774
177,0.9917972,0.008202766
178,0.7554632,0.2445368
179,0.444843,0.555157
180,0.4920411,0.5079589
181,0.74952966,0.25047034
182,0.58364415,0.41635585
183,0.11299956,0.88700044
184,0.6835002,0.31649983
185,0.075026155,0.92497385
186,0.90794873,0.09205125
187,0.17493314,0.82506686
188,0.01083827,0.98916173
189,0.9920083,0.007991675
190,0.8862247,0.11377532
191,0.044347823,0.9556522
192,0.6176876,0.3823124
193,0.02720958,0.9727904
194,0.068128884,0.9318711
195,0.32892448,0.6710755
196,0.529537,0.47046298
197,0.25940192,0.7405981
198,0.0199368,0.9800632
199,0.19087487,0.8091251
200,0.0025956035,0.9974044
201,0.96653426,0.033465765
202,0.9698129,0.030187067
203,0.9923127,0.0076872655
204,0.92113197,0.078868
205,0.8977002,0.10229978
206,0.9957448,0.004255187
207,0.0913049,0.9086951
208,0.81240153,0.18759844
209,0.99754715,0.002452875
210,0.29185277,0.7081472
211,0.8103246,0.1896754
212,0.032864332,0.96713567
213,0.01137054,0.98862946
214,0.99780345,0.0021965757
215,0.93886715,0.06113286
216,0.83215594,0.16784406
217,0.9095867,0.090413295
218,0.93660176,0.063398235
219,0.1532008,0.8467992
220,0.18950075,0.81049925
221,0.87672114,0.123278864
222,0.094512165,0.90548784
223,0.98210263,0.017897345
224,0.15391189,0.8460881
225,0.018810987,0.981189
226,0.14681882,0.8531812
227,0.44432014,0.55567986
228,0.8777303,0.12226971
229,0.15991926,0.84008074
230,0.14504486,0.85495514
231,0.5132767,0.4867233
232,0.0049220324,0.99507797
233,0.4911105,0.5088895
234,0.96706325,0.03293674
235,0.06483132,0.9351687
236,0.54856086,0.45143914
237,0.27253014,0.72746986
238,0.047184348,0.95281565
239,0.20436049,0.7956395
240,0.289954,0.710046
241,0.024149716,0.9758503
242,0.32967186,0.67032814
243,0.5307606,0.4692394
244,0.3846156,0.6153844
245,0.06555259,0.9344474
246,0.012822151,0.98717785
247,0.83843595,0.16156407
248,0.4887963,0.5112037
249,0.98156726,0.018432723
250,0.9716179,0.028382096
251,0.87634075,0.123659246
252,0.9881536,0.011846437
253,0.9039387,0.09606128
254,0.010139525,0.9898605
255,0.10423303,0.895767
256,0.9765996,0.023400413
257,0.015235186,0.9847648
258,0.9888457,0.011154264
259,0.07442391,0.9255761
260,0.7642946,0.23570538
261,0.018231511,0.9817685
262,0.00013387203,0.9998661
263,0.9943111,0.00568893
264,0.2632563,0.7367437
265,0.83081794,0.16918206
266,0.17598301,0.824017
267,0.031596184,0.9684038
268,0.33840823,0.66159177
269,0.35110682,0.6488932
270,0.92116165,0.07883835
271,0.046453297,0.9535467
272,0.025835216,0.9741648
273,0.7194488,0.28055122
274,0.079144776,0.9208552
275,0.10736233,0.89263767
276,0.9335605,0.066439524
277,0.99263895,0.0073610647
278,0.20677352,0.7932265
279,0.82047844,0.17952153
280,0.78546476,0.2145352
281,0.3087291,0.6912709
282,0.06742895,0.93257105
283,0.30060375,0.69939625
284,0.9523097,0.047690276
285,0.87642616,0.12357385
286,0.16812295,0.83187705
287,0.9395855,0.060414497
288,0.4388849,0.5611151
289,0.97499555,0.02500447
290,0.09737748,0.9026225
291,0.08884299,0.911157
292,0.63642555,0.36357445
293,0.05518669,0.9448133
294,0.8930929,0.10690714
295,0.96698856,0.033011463
296,0.2268961,0.7731039
297,0.047935605,0.9520644
298,0.009637952,0.99036205
299,0.052969158,0.94703084
300,0.45981133,0.54018867
301,0.15320599,0.846794
302,0.9280878,0.07191222
303,0.12186742,0.8781326
304,0.8843963,0.11560368
305,0.6411597,0.3588403
306,0.1578291,0.8421709
307,0.6523937,0.3476063
308,0.06524807,0.9347519
309,0.7867633,0.21323667
310,0.68439966,0.31560034
311,0.4000336,0.5999664
312,0.13875598,0.861244
313,0.5306122,0.46938783
314,0.5697479,0.43025205
315,0.7544684,0.2455316
316,0.02397126,0.97602874
317,0.16225022,0.8377498
318,0.87228376,0.12771626
319,0.05991572,0.9400843
320,0.9074237,0.09257634
321,0.98465335,0.015346645
322,0.7247828,0.2752172
323,0.08832556,0.91167444
324,0.46752238,0.5324776
325,0.91132027,0.08867971
326,0.031245828,0.9687542
327,0.58266807,0.41733196
328,0.24682152,0.7531785
329,0.84773713,0.15226287
330,0.9347904,0.06520966
331,0.14645582,0.8535442
332,0.115799546,0.88420045
333,0.6383816,0.3616184
334,0.14876664,0.85123336
335,0.99445367,0.005546352
336,0.42133492,0.5786651
337,0.06940764,0.93059236
338,0.536296,0.46370396
339,0.9221988,0.07780124
340,0.02115941,0.9788406
341,0.47911024,0.52088976
342,0.9612537,0.0387463
343,0.4819377,0.5180623
344,0.44596893,0.5540311
345,0.5411979,0.45880213
346,0.8629418,0.13705818
347,0.6667391,0.33326086
348,0.2208373,0.7791627
349,0.0056380033,0.994362
350,0.5318622,0.4681378
351,0.9839698,0.01603017
352,0.85042495,0.14957505
353,0.99270016,0.0072998335
354,0.8478591,0.15214092
355,0.0031318069,0.9968682
356,0.1579333,0.8420667
357,0.1833297,0.8166703
358,0.60043573,0.39956424
359,0.7638727,0.23612732
360,0.651225,0.34877506
361,0.60845923,0.3915408
362,0.53049636,0.46950367
363,0.52052486,0.47947517
364,0.3560776,0.6439224
365,0.95482385,0.045176156
366,0.58191866,0.41808134
367,0.5409787,0.45902127
368,0.9824939,0.017506104
369,0.97990507,0.020094942
370,0.98567164,0.014328387
371,0.9935445,0.006455463
372,0.04642576,0.95357424
373,0.10040116,0.89959884
374,0.9899598,0.010040228
375,0.98613155,0.01386846
376,0.692652,0.307348
377,0.810503,0.18949701
378,0.74289185,0.25710815
379,0.90145874,0.09854128
380,0.043962777,0.9560372
381,0.9716589,0.028341105
382,0.4741869,0.5258131
383,0.9922523,0.007747714
384,0.2575395,0.7424605
385,0.1390984,0.8609016
386,0.00981766,0.99018234
387,0.17193013,0.82806987
388,0.62578285,0.37421712
389,0.44238114,0.55761886
390,0.6862534,0.31374657
391,0.51979136,0.48020864
392,0.07007456,0.92992544
393,0.72087526,0.27912474
394,0.56741,0.43259004
395,0.6861959,0.3138041
396,0.16525483,0.83474517
397,0.00082713366,0.99917287
398,0.24515712,0.7548429
399,0.1790064,0.8209936
