,0,1
0,0.050711095,0.9492889
1,0.028232396,0.9717676
2,0.8779019,0.122098066
3,0.29366148,0.7063385
4,0.4607829,0.5392171
5,0.9973225,0.0026774881
6,0.64720213,0.35279784
7,0.17573673,0.8242633
8,0.9295502,0.070449814
9,0.9429739,0.05702607
10,0.45272446,0.54727554
11,0.009154975,0.990845
12,0.9733914,0.026608614
13,0.035097003,0.964903
14,0.7537719,0.24622807
15,0.42825848,0.5717415
16,0.911208,0.08879205
17,0.99078304,0.009216961
18,0.93069285,0.06930717
19,0.984093,0.015906995
20,0.86380637,0.13619365
21,0.5009446,0.4990554
22,0.12047726,0.87952274
23,0.40471393,0.5952861
24,0.97627276,0.023727234
25,0.99390113,0.006098857
26,0.6312088,0.36879122
27,0.09343946,0.90656054
28,0.6983913,0.30160865
29,0.0008519888,0.999148
30,0.85863304,0.14136694
31,0.75786644,0.24213354
32,0.6264664,0.37353364
33,0.025210202,0.9747898
34,0.9605016,0.039498415
35,0.980175,0.019824985
36,0.99867654,0.0013234755
37,0.8759793,0.12402071
38,0.845772,0.15422797
39,0.41705495,0.58294505
40,0.007666111,0.9923339
41,0.9604955,0.039504506
42,0.45417798,0.545822
43,0.3420316,0.6579684
44,0.84872985,0.15127012
45,0.3575011,0.6424989
46,0.92518985,0.07481016
47,0.70210564,0.2978944
48,0.9960796,0.0039203535
49,0.044160366,0.95583963
50,0.93454397,0.06545606
51,0.97518075,0.02481923
52,0.77847433,0.22152568
53,0.13961452,0.8603855
54,0.29547095,0.70452905
55,0.32995725,0.67004275
56,0.038926482,0.9610735
57,0.32656318,0.6734368
58,0.5218309,0.47816908
59,0.067585886,0.9324141
60,0.11333269,0.8866673
61,0.94551617,0.05448381
62,0.4297381,0.5702619
63,0.0061001778,0.9938998
64,0.93980956,0.060190428
65,0.2504809,0.7495191
66,0.9312912,0.06870877
67,0.0008096099,0.9991904
68,0.77181333,0.22818668
69,0.72991467,0.27008533
70,0.8257836,0.1742164
71,0.1434235,0.8565765
72,0.0011736751,0.9988263
73,0.11460447,0.8853955
74,0.1982767,0.8017233
75,0.9926852,0.0073147966
76,0.8963684,0.103631586
77,0.4138555,0.5861445
78,0.31305444,0.68694556
79,0.13627142,0.8637286
80,0.19357795,0.80642205
81,0.7521447,0.24785532
82,0.98366314,0.016336832
83,0.016210496,0.9837895
84,0.6588107,0.34118932
85,0.06072718,0.9392728
86,0.046272993,0.953727
87,0.978001,0.02199898
88,0.98903257,0.010967457
89,0.73846436,0.26153567
90,0.7562834,0.24371658
91,0.00990963,0.99009037
92,0.06779891,0.9322011
93,0.9158969,0.08410313
94,0.967536,0.032464027
95,0.99091846,0.009081518
96,0.12019217,0.87980783
97,0.043967485,0.9560325
98,0.8305887,0.1694113
99,0.99147624,0.008523746
100,0.053314447,0.94668555
101,0.004486382,0.9955136
102,0.9966129,0.0033870908
103,0.85740435,0.14259565
104,0.70705587,0.29294413
105,0.98780286,0.012197131
106,0.8606945,0.13930544
107,0.923469,0.076530986
108,0.9050653,0.09493471
109,0.7512351,0.24876487
110,0.5956029,0.40439707
111,0.963346,0.03665402
112,0.07103455,0.92896545
113,0.035490394,0.9645096
114,0.5486802,0.45131984
115,0.15357643,0.84642357
116,0.0066512227,0.9933488
117,0.07181394,0.92818606
118,0.97284603,0.02715398
119,0.91195875,0.08804123
120,0.0037506223,0.9962494
121,0.0026333928,0.9973666
122,0.047009766,0.95299023
123,0.3708896,0.6291104
124,0.39068764,0.60931236
125,0.006118536,0.99388146
126,0.79913497,0.20086503
127,0.9711083,0.028891688
128,0.5696491,0.43035093
129,0.9339887,0.066011325
130,0.54726696,0.45273307
131,0.16601801,0.833982
132,0.974307,0.025692984
133,0.4703852,0.5296148
134,0.031551182,0.9684488
135,0.19604915,0.80395085
136,0.6029663,0.39703372
137,0.9539739,0.046026126
138,0.9157567,0.08424327
139,0.22529352,0.7747065
140,0.4508354,0.5491646
141,0.00092613697,0.99907386
142,0.92319554,0.07680445
143,0.8450006,0.1549994
144,0.00660038,0.9933996
145,0.7940627,0.20593734
146,0.71106994,0.28893003
147,0.8410562,0.15894376
148,0.02674067,0.9732593
149,0.93872297,0.06127706
150,0.9391567,0.060843308
151,0.39798957,0.6020104
152,0.81703174,0.18296823
153,0.7987774,0.20122258
154,0.7383183,0.2616817
155,0.75295466,0.24704535
156,0.9024972,0.09750281
157,0.46113712,0.5388629
158,0.50911486,0.4908851
159,0.42193133,0.5780687
160,0.8519166,0.14808337
161,0.92762417,0.07237583
162,0.9016875,0.098312475
163,0.6672281,0.33277187
164,0.9653688,0.034631215
165,0.37240762,0.6275924
166,0.53895307,0.46104693
167,0.88326585,0.11673415
168,0.9783568,0.021643208
169,0.957738,0.042262033
170,0.124747396,0.8752526
171,0.604863,0.395137
172,0.22873914,0.77126086
173,0.97353864,0.026461387
174,0.061740637,0.93825936
175,0.0041717887,0.9958282
176,0.9494241,0.050575934
177,0.9918078,0.0081922095
178,0.8829638,0.11703625
179,0.68704146,0.31295854
180,0.92346984,0.07653016
181,0.8806753,0.11932467
182,0.28505456,0.71494544
183,0.0034561753,0.9965438
184,0.8329024,0.16709764
185,0.34796447,0.65203553
186,0.9915698,0.008430163
187,0.77625346,0.22374652
188,0.00060522556,0.9993948
189,0.99907887,0.0009211527
190,0.95649916,0.043500863
191,0.018640757,0.98135924
192,0.8209802,0.17901978
193,0.10210419,0.8978958
194,0.04143119,0.9585688
195,0.6604135,0.3395865
196,0.7729104,0.2270896
197,0.077735186,0.9222648
198,0.045104623,0.9548954
199,0.7820581,0.21794188
200,0.006959796,0.9930402
201,0.9922694,0.007730621
202,0.8088977,0.19110234
203,0.99834365,0.0016563485
204,0.97417843,0.025821567
205,0.96897304,0.031026976
206,0.9943702,0.005629782
207,0.17038435,0.82961565
208,0.8621784,0.13782163
209,0.939587,0.06041298
210,0.9284039,0.07159609
211,0.63202786,0.3679721
212,0.32406312,0.6759369
213,0.009960115,0.9900399
214,0.92521554,0.07478446
215,0.39279705,0.60720295
216,0.93849695,0.061503068
217,0.5130995,0.4869005
218,0.83775926,0.16224074
219,0.2778815,0.7221185
220,0.14583695,0.85416305
221,0.9904543,0.009545666
222,0.20877701,0.791223
223,0.9772067,0.022793267
224,0.18295741,0.8170426
225,0.00087708235,0.9991229
226,0.120577216,0.8794228
227,0.18478608,0.8152139
228,0.9737924,0.026207604
229,0.046528816,0.9534712
230,0.47491318,0.5250868
231,0.29937673,0.7006233
232,0.031123519,0.9688765
233,0.16207516,0.83792484
234,0.7840942,0.21590579
235,0.01844275,0.98155725
236,0.2737161,0.7262839
237,0.6171671,0.38283288
238,0.11314219,0.8868578
239,0.23235023,0.76764977
240,0.009696305,0.9903037
241,0.16989553,0.8301045
242,0.0029965043,0.9970035
243,0.31707668,0.6829233
244,0.07866728,0.9213327
245,0.15105003,0.84894997
246,0.061690092,0.9383099
247,0.9596912,0.040308762
248,0.5749329,0.42506713
249,0.9653429,0.034657106
250,0.9807681,0.019231899
251,0.22922158,0.7707784
252,0.95486045,0.045139536
253,0.55212563,0.44787437
254,0.005636096,0.9943639
255,0.34014016,0.65985984
256,0.598466,0.40153402
257,0.27007037,0.7299296
258,0.9878044,0.012195609
259,0.4521911,0.5478089
260,0.7751978,0.22480221
261,0.3573194,0.6426806
262,0.00046813488,0.99953187
263,0.99558246,0.0044175438
264,0.26519507,0.7348049
265,0.21880937,0.78119063
266,0.28438896,0.71561104
267,0.025134206,0.9748658
268,0.3027122,0.6972878
269,0.6378621,0.36213794
270,0.9567338,0.043266162
271,0.2781682,0.7218318
272,0.018682063,0.98131794
273,0.5022212,0.4977788
274,0.10305494,0.89694506
275,0.13304967,0.86695033
276,0.9271249,0.072875105
277,0.9416491,0.058350924
278,0.25673723,0.74326277
279,0.62382513,0.37617487
280,0.60008395,0.39991608
281,0.08899599,0.911004
282,0.83604777,0.16395225
283,0.8635085,0.13649148
284,0.8985043,0.101495676
285,0.97143936,0.028560624
286,0.0049851537,0.99501485
287,0.9473526,0.052647423
288,0.024593294,0.9754067
289,0.9944889,0.0055110767
290,0.03182,0.96818
291,0.5874726,0.41252738
292,0.40505642,0.5949436
293,0.15698576,0.84301424
294,0.97899836,0.021001639
295,0.80844694,0.19155304
296,0.23181432,0.7681857
297,0.046627223,0.9533728
298,0.0021639466,0.99783605
299,0.038369477,0.9616305
300,0.28968078,0.7103192
301,0.44294912,0.5570509
302,0.56021893,0.4397811
303,0.029942155,0.97005785
304,0.993067,0.0069329855
305,0.7450368,0.25496322
306,0.07899201,0.921008
307,0.52810055,0.47189945
308,0.36707658,0.6329234
309,0.35672224,0.64327776
310,0.56371045,0.43628958
311,0.7453936,0.25460643
312,0.061907053,0.93809295
313,0.9892775,0.010722515
314,0.9982115,0.0017885043
315,0.981412,0.018588003
316,0.021063566,0.97893643
317,0.34913403,0.650866
318,0.85257316,0.14742683
319,0.25374234,0.74625766
320,0.9905772,0.009422763
321,0.9933013,0.006698753
322,0.8639096,0.1360904
323,0.16668499,0.833315
324,0.582367,0.417633
325,0.8413082,0.15869181
326,0.0107393265,0.9892607
327,0.4883628,0.5116372
328,0.86243296,0.13756707
329,0.6369425,0.36305746
330,0.995134,0.0048660086
331,0.64232004,0.35768
332,0.058377564,0.94162244
333,0.731056,0.26894405
334,0.14289409,0.8571059
335,0.98451805,0.015481923
336,0.35805583,0.64194417
337,0.33131135,0.66868865
338,0.48900038,0.5109996
339,0.9241984,0.075801626
340,0.034929633,0.96507037
341,0.2877186,0.7122814
342,0.8776226,0.122377366
343,0.43136013,0.5686399
344,0.98453146,0.015468548
345,0.3525877,0.6474123
346,0.8587282,0.14127186
347,0.15899158,0.8410084
348,0.71158975,0.28841025
349,0.0315848,0.9684152
350,0.44757783,0.55242217
351,0.9853932,0.014606772
352,0.9697445,0.030255524
353,0.9853644,0.014635633
354,0.7820471,0.21795292
355,0.010306537,0.98969346
356,0.012866497,0.9871335
357,0.048558652,0.95144135
358,0.31516582,0.6848342
359,0.9879102,0.0120898
360,0.7304951,0.26950487
361,0.7854781,0.21452187
362,0.9715707,0.028429301
363,0.25136286,0.74863714
364,0.07291442,0.9270856
365,0.76339054,0.23660946
366,0.91056377,0.08943621
367,0.31433904,0.68566096
368,0.48391777,0.5160822
369,0.9775437,0.022456283
370,0.9843012,0.015698772
371,0.9741816,0.0258184
372,0.028852284,0.9711477
373,0.006811142,0.99318886
374,0.96608824,0.033911746
375,0.7726691,0.2273309
376,0.14907467,0.8509253
377,0.606253,0.393747
378,0.62114227,0.37885776
379,0.82423687,0.17576313
380,0.05557984,0.94442016
381,0.98199147,0.01800851
382,0.73734707,0.26265293
383,0.9898131,0.010186927
384,0.07821566,0.92178434
385,0.025453568,0.97454643
386,0.6225789,0.37742108
387,0.510179,0.48982102
388,0.5144882,0.48551175
389,0.2414844,0.7585156
390,0.66092384,0.33907613
391,0.080432415,0.9195676
392,0.0016075969,0.9983924
393,0.5768646,0.42313537
394,0.8734065,0.12659346
395,0.36696202,0.633038
396,0.5229582,0.47704178
397,0.00058960915,0.9994104
398,0.6279236,0.37207636
399,0.41137028,0.5886297
