,0,1
0,0.4695508,0.5304492
1,0.58996594,0.41003403
2,0.87752163,0.122478336
3,0.32443273,0.67556727
4,0.075856864,0.92414314
5,0.9849162,0.015083795
6,0.41527212,0.5847279
7,0.13797396,0.86202604
8,0.9596148,0.040385205
9,0.77552325,0.22447674
10,0.25717807,0.74282193
11,0.010503054,0.98949695
12,0.95125043,0.048749544
13,0.43038285,0.56961715
14,0.9933535,0.006646513
15,0.32371134,0.67628866
16,0.8889495,0.11105051
17,0.9833066,0.016693406
18,0.83451164,0.16548836
19,0.91505635,0.08494362
20,0.21465182,0.7853482
21,0.5135144,0.48648563
22,0.032703638,0.96729636
23,0.8383348,0.16166523
24,0.86779046,0.13220952
25,0.4335689,0.5664311
26,0.50988984,0.49011016
27,0.12185979,0.8781402
28,0.20364088,0.7963591
29,0.039980173,0.9600198
30,0.7096286,0.29037142
31,0.9916021,0.008397903
32,0.12645328,0.8735467
33,0.6476183,0.35238174
34,0.98900276,0.010997258
35,0.7398945,0.26010552
36,0.99673826,0.003261758
37,0.908816,0.09118402
38,0.52353966,0.4764603
39,0.041745245,0.95825475
40,0.10842693,0.8915731
41,0.95517945,0.04482056
42,0.88757056,0.112429455
43,0.7807736,0.21922642
44,0.55341387,0.4465861
45,0.29048413,0.70951587
46,0.3917849,0.6082151
47,0.7461101,0.25388992
48,0.9809456,0.019054398
49,0.020675361,0.97932464
50,0.90296715,0.09703285
51,0.91425097,0.085749045
52,0.94935614,0.050643876
53,0.29506183,0.7049382
54,0.20335972,0.7966403
55,0.6718801,0.32811984
56,0.78956175,0.21043822
57,0.42008197,0.579918
58,0.019015074,0.9809849
59,0.32152557,0.6784744
60,0.715616,0.284384
61,0.961578,0.038421977
62,0.741628,0.258372
63,0.064991534,0.93500847
64,0.67149067,0.32850936
65,0.44822145,0.55177855
66,0.12699777,0.87300223
67,0.4932477,0.5067523
68,0.91268086,0.08731914
69,0.064525545,0.93547446
70,0.32111156,0.67888844
71,0.095149755,0.90485024
72,0.012756407,0.9872436
73,0.25499654,0.74500346
74,0.033577085,0.9664229
75,0.947449,0.052550975
76,0.43455207,0.5654479
77,0.38448185,0.61551815
78,0.19326228,0.8067377
79,0.33193147,0.6680685
80,0.8443299,0.1556701
81,0.96913457,0.030865446
82,0.9461781,0.053821944
83,0.008845568,0.99115443
84,0.89924264,0.10075733
85,0.052924454,0.94707555
86,0.01328218,0.9867178
87,0.34864998,0.65135
88,0.97304875,0.02695126
89,0.19932675,0.80067325
90,0.69288564,0.3071144
91,0.09476024,0.90523976
92,0.57102287,0.4289771
93,0.39012378,0.6098762
94,0.33642137,0.6635786
95,0.99435943,0.0056405654
96,0.440053,0.559947
97,0.4773947,0.5226053
98,0.7995044,0.20049559
99,0.97383183,0.026168156
100,0.2508756,0.7491244
101,0.04070705,0.95929295
102,0.9981317,0.0018683102
103,0.64241326,0.35758674
104,0.9237769,0.07622308
105,0.74076915,0.25923082
106,0.9567385,0.043261558
107,0.8035893,0.19641073
108,0.7218864,0.2781136
109,0.33390135,0.66609865
110,0.43344235,0.56655765
111,0.6786244,0.32137558
112,0.22489852,0.7751015
113,0.053660274,0.9463397
114,0.8179744,0.18202563
115,0.36476988,0.6352301
116,0.25882328,0.7411767
117,0.09839761,0.9016024
118,0.99047124,0.009528779
119,0.451447,0.548553
120,0.014417708,0.9855823
121,0.00459224,0.99540776
122,0.18734151,0.8126585
123,0.030661583,0.9693384
124,0.43473536,0.56526464
125,0.003917992,0.996082
126,0.31254274,0.68745726
127,0.8553149,0.14468509
128,0.11906642,0.8809336
129,0.79569066,0.20430937
130,0.8807029,0.119297065
131,0.8759475,0.12405252
132,0.97665894,0.02334104
133,0.24654305,0.75345695
134,0.14077222,0.8592278
135,0.45618445,0.54381555
136,0.16675228,0.8332477
137,0.8252149,0.17478509
138,0.7990897,0.20091029
139,0.8990798,0.100920215
140,0.5961808,0.40381923
141,0.04143536,0.95856464
142,0.68683684,0.31316316
143,0.7884289,0.2115711
144,0.15039825,0.84960175
145,0.24037206,0.75962794
146,0.3450986,0.6549014
147,0.8993417,0.10065833
148,0.035027087,0.9649729
149,0.77427244,0.22572754
150,0.733966,0.26603398
151,0.17955321,0.8204468
152,0.45152855,0.54847145
153,0.5330746,0.4669254
154,0.10903883,0.89096117
155,0.8058759,0.19412413
156,0.7435385,0.25646153
157,0.48159105,0.51840895
158,0.58936405,0.41063595
159,0.049287796,0.9507122
160,0.14950776,0.85049224
161,0.91752815,0.08247182
162,0.9934754,0.006524613
163,0.13813686,0.86186314
164,0.9746386,0.025361432
165,0.032104194,0.9678958
166,0.032749772,0.9672502
167,0.7041106,0.2958894
168,0.872871,0.127129
169,0.9408674,0.059132576
170,0.090587914,0.9094121
171,0.8797993,0.1202007
172,0.6715511,0.32844886
173,0.7195522,0.28044778
174,0.05653858,0.9434614
175,0.050614893,0.9493851
176,0.4747777,0.5252223
177,0.92875874,0.071241274
178,0.4157257,0.5842743
179,0.83013046,0.16986954
180,0.14174384,0.85825616
181,0.95057386,0.04942612
182,0.9534134,0.04658657
183,0.6645205,0.33547947
184,0.24732447,0.75267553
185,0.39597303,0.604027
186,0.9470939,0.05290609
187,0.8838654,0.11613461
188,0.0011447668,0.99885523
189,0.9353085,0.06469146
190,0.972759,0.027240967
191,0.0726071,0.9273929
192,0.6691098,0.3308902
193,0.03618449,0.9638155
194,0.3898905,0.6101095
195,0.12925595,0.87074405
196,0.70128816,0.29871184
197,0.11527926,0.88472074
198,0.91450053,0.08549946
199,0.38890266,0.61109734
200,0.12405211,0.8759479
201,0.9985146,0.001485392
202,0.92952186,0.07047816
203,0.9978763,0.00212373
204,0.9543307,0.04566932
205,0.699903,0.300097
206,0.9539695,0.046030533
207,0.089601755,0.91039824
208,0.94123703,0.05876296
209,0.9525864,0.047413565
210,0.2709865,0.7290135
211,0.4904421,0.5095579
212,0.21632922,0.7836708
213,0.17898464,0.82101536
214,0.52875113,0.47124884
215,0.85993993,0.1400601
216,0.86190045,0.13809957
217,0.92581505,0.07418497
218,0.8652563,0.13474368
219,0.66591406,0.33408594
220,0.40881473,0.5911853
221,0.62876993,0.37123007
222,0.2565258,0.7434742
223,0.8984184,0.101581566
224,0.82757473,0.1724253
225,0.07472193,0.92527807
226,0.021633625,0.9783664
227,0.03757608,0.9624239
228,0.85400295,0.14599702
229,0.021850884,0.9781491
230,0.6687602,0.33123985
231,0.73070717,0.26929283
232,0.0044927597,0.99550724
233,0.21504635,0.78495365
234,0.9815067,0.018493325
235,0.0269441,0.9730559
236,0.94072413,0.059275888
237,0.57713175,0.42286822
238,0.070727885,0.9292721
239,0.96365905,0.03634093
240,0.0036351085,0.9963649
241,0.23602974,0.76397026
242,0.4930932,0.5069068
243,0.7587544,0.24124561
244,0.11306447,0.88693553
245,0.8677021,0.13229787
246,0.8559864,0.14401357
247,0.9939343,0.006065736
248,0.81801224,0.18198778
249,0.9777432,0.022256795
250,0.9701801,0.0298199
251,0.61807436,0.38192564
252,0.99189115,0.008108862
253,0.06560081,0.9343992
254,0.87253493,0.12746508
255,0.3122744,0.6877256
256,0.6904712,0.30952886
257,0.043423712,0.9565763
258,0.97013795,0.029862018
259,0.1505571,0.8494429
260,0.8443691,0.15563089
261,0.74318504,0.256815
262,0.1645382,0.8354618
263,0.9893871,0.010612934
264,0.015158653,0.98484135
265,0.10766792,0.8923321
266,0.08318037,0.91681963
267,0.012496412,0.9875036
268,0.44587857,0.55412143
269,0.7585445,0.2414555
270,0.7571112,0.24288878
271,0.44510883,0.55489117
272,0.044548094,0.9554519
273,0.08354896,0.91645104
274,0.5581956,0.44180444
275,0.068394184,0.9316058
276,0.95361,0.046389997
277,0.6495545,0.3504455
278,0.18283945,0.81716055
279,0.67261904,0.32738096
280,0.8699942,0.13000579
281,0.6570878,0.34291217
282,0.8746584,0.12534161
283,0.18152255,0.81847745
284,0.45682788,0.5431721
285,0.8615671,0.13843293
286,0.1919483,0.8080517
287,0.97623456,0.023765465
288,0.124531925,0.8754681
289,0.9263915,0.07360851
290,0.023684084,0.9763159
291,0.77103496,0.22896507
292,0.74769473,0.2523053
293,0.6041043,0.39589575
294,0.9582672,0.04173276
295,0.9150285,0.08497148
296,0.062168717,0.9378313
297,0.15631747,0.8436825
298,0.6274172,0.3725828
299,0.7068166,0.2931834
300,0.17955363,0.8204464
301,0.49998647,0.50001353
302,0.83476883,0.16523115
303,0.2824282,0.7175718
304,0.95191187,0.04808815
305,0.9719999,0.028000103
306,0.12960678,0.8703932
307,0.067863286,0.9321367
308,0.098474324,0.9015257
309,0.8179629,0.18203712
310,0.7968681,0.20313194
311,0.7772068,0.22279325
312,0.021116674,0.9788833
313,0.81300426,0.18699574
314,0.9190101,0.08098991
315,0.82199913,0.17800085
316,0.026614964,0.97338504
317,0.94522965,0.054770336
318,0.43803644,0.56196356
319,0.69935846,0.30064157
320,0.96092606,0.03907392
321,0.64595103,0.35404897
322,0.9733569,0.026643082
323,0.09310657,0.90689343
324,0.8906284,0.10937162
325,0.29393005,0.70606995
326,0.036605835,0.96339417
327,0.36459762,0.6354024
328,0.28840262,0.7115974
329,0.098027766,0.90197223
330,0.97297055,0.027029445
331,0.8148468,0.1851532
332,0.2230261,0.7769739
333,0.32967168,0.6703283
334,0.036480367,0.96351963
335,0.9188636,0.08113638
336,0.5853592,0.4146408
337,0.0037819743,0.996218
338,0.4991966,0.5008034
339,0.9027591,0.0972409
340,0.19572991,0.8042701
341,0.57633466,0.42366534
342,0.680638,0.31936198
343,0.12213743,0.8778626
344,0.41755426,0.58244574
345,0.44970632,0.5502937
346,0.8565459,0.14345406
347,0.46683025,0.53316975
348,0.7035974,0.29640254
349,0.056428015,0.943572
350,0.25007576,0.74992424
351,0.93704575,0.06295425
352,0.90739924,0.09260078
353,0.8537594,0.14624059
354,0.753942,0.24605802
355,0.07629061,0.9237094
356,0.02865827,0.9713417
357,0.11514181,0.8848582
358,0.18217826,0.81782174
359,0.96001524,0.039984785
360,0.5248838,0.4751162
361,0.50486624,0.4951338
362,0.9158724,0.084127605
363,0.48034745,0.51965255
364,0.2050075,0.7949925
365,0.70072985,0.29927018
366,0.30258286,0.69741714
367,0.6898012,0.3101988
368,0.63957864,0.36042136
369,0.9598125,0.0401875
370,0.5556053,0.4443947
371,0.60744476,0.3925552
372,0.12181753,0.8781825
373,0.0894472,0.9105528
374,0.6939806,0.30601946
375,0.68945444,0.31054553
376,0.9572195,0.04278054
377,0.14741462,0.8525854
378,0.52264464,0.47735536
379,0.31616902,0.683831
380,0.25816035,0.74183965
381,0.9864683,0.0135317035
382,0.13374627,0.86625373
383,0.97585094,0.024149045
384,0.42968035,0.57031965
385,0.06710011,0.9328999
386,0.047022343,0.95297766
387,0.1895212,0.8104788
388,0.18836045,0.81163955
389,0.45160395,0.54839605
390,0.41344434,0.58655566
391,0.20103711,0.7989629
392,0.115736246,0.88426375
393,0.6791701,0.32082993
394,0.24026161,0.7597384
395,0.3184514,0.6815486
396,0.029381216,0.9706188
397,0.22099781,0.7790022
398,0.016469538,0.98353046
399,0.24823165,0.75176835
